,VHL_0.pdb_ringEdges,VHL_1.pdb_ringEdges,VHL_2.pdb_ringEdges,VHL_3.pdb_ringEdges,VHL_4.pdb_ringEdges,VHL_5.pdb_ringEdges,VHL_6.pdb_ringEdges,VHL_7.pdb_ringEdges,VHL_8.pdb_ringEdges,VHL_9.pdb_ringEdges,VHL_10.pdb_ringEdges,VHL_11.pdb_ringEdges,VHL_12.pdb_ringEdges,VHL_13.pdb_ringEdges,VHL_14.pdb_ringEdges,VHL_15.pdb_ringEdges,VHL_16.pdb_ringEdges,VHL_17.pdb_ringEdges,VHL_18.pdb_ringEdges,VHL_19.pdb_ringEdges,VHL_20.pdb_ringEdges,VHL_21.pdb_ringEdges,VHL_22.pdb_ringEdges,VHL_23.pdb_ringEdges,VHL_24.pdb_ringEdges,VHL_25.pdb_ringEdges,VHL_26.pdb_ringEdges,VHL_27.pdb_ringEdges,VHL_28.pdb_ringEdges,VHL_29.pdb_ringEdges,VHL_30.pdb_ringEdges,VHL_31.pdb_ringEdges,VHL_32.pdb_ringEdges,VHL_33.pdb_ringEdges,VHL_34.pdb_ringEdges,VHL_35.pdb_ringEdges,VHL_36.pdb_ringEdges,VHL_37.pdb_ringEdges,VHL_38.pdb_ringEdges,VHL_39.pdb_ringEdges,VHL_40.pdb_ringEdges,VHL_41.pdb_ringEdges,VHL_42.pdb_ringEdges,VHL_43.pdb_ringEdges,VHL_44.pdb_ringEdges,VHL_45.pdb_ringEdges,VHL_46.pdb_ringEdges,VHL_47.pdb_ringEdges,VHL_48.pdb_ringEdges,VHL_49.pdb_ringEdges,VHL_50.pdb_ringEdges,VHL_51.pdb_ringEdges,VHL_52.pdb_ringEdges,VHL_53.pdb_ringEdges,VHL_54.pdb_ringEdges,VHL_55.pdb_ringEdges,VHL_56.pdb_ringEdges,VHL_57.pdb_ringEdges,VHL_58.pdb_ringEdges,VHL_59.pdb_ringEdges,VHL_60.pdb_ringEdges,VHL_61.pdb_ringEdges,VHL_62.pdb_ringEdges,VHL_63.pdb_ringEdges,VHL_64.pdb_ringEdges,VHL_65.pdb_ringEdges,VHL_66.pdb_ringEdges,VHL_67.pdb_ringEdges,VHL_68.pdb_ringEdges,VHL_69.pdb_ringEdges,VHL_70.pdb_ringEdges,VHL_71.pdb_ringEdges,VHL_72.pdb_ringEdges,VHL_73.pdb_ringEdges,VHL_74.pdb_ringEdges,VHL_75.pdb_ringEdges,VHL_76.pdb_ringEdges,VHL_77.pdb_ringEdges,VHL_78.pdb_ringEdges,VHL_79.pdb_ringEdges,VHL_80.pdb_ringEdges,VHL_81.pdb_ringEdges,VHL_82.pdb_ringEdges,VHL_83.pdb_ringEdges,VHL_84.pdb_ringEdges,VHL_85.pdb_ringEdges,VHL_86.pdb_ringEdges,VHL_87.pdb_ringEdges,VHL_88.pdb_ringEdges,VHL_89.pdb_ringEdges,VHL_90.pdb_ringEdges,VHL_91.pdb_ringEdges,VHL_92.pdb_ringEdges,VHL_93.pdb_ringEdges,VHL_94.pdb_ringEdges,VHL_95.pdb_ringEdges,VHL_96.pdb_ringEdges,VHL_97.pdb_ringEdges,VHL_98.pdb_ringEdges,VHL_99.pdb_ringEdges,VHL_100.pdb_ringEdges
VHL_0.pdb_ringEdges,0.0,19.75360028980663,19.779493078860558,18.957972581725315,18.798642939796284,19.943463397400773,18.95797258172531,20.895766816897186,21.484145408579966,23.234646950139734,21.453777451281947,20.943117562300657,21.836399576319646,21.75243673561672,21.608688832755817,18.4875357032232,20.184581314326177,21.719616301478812,20.278066969018518,21.10401685838634,19.907660852795367,19.133101958417015,19.741000142195762,19.621296480878907,20.7460839678239,19.527811783988135,19.58402048272306,17.910714692256185,19.322542014995328,18.03400113259378,18.218014792839693,19.782597936124617,20.685420328657287,19.737011078154982,20.4031030525562,21.641677493309274,18.313886130388884,20.81179253840036,20.00244079594476,19.829509545596366,21.073101113770154,20.0843888920065,19.261482923426446,21.893083076948596,21.550453527573247,21.38363492298923,20.438037719575025,17.109190788836823,18.39847648605378,22.10041507430783,16.46432554792426,18.725871614334412,19.26148292342645,18.184790737680437,19.426664036590303,17.029201413671796,17.82646002899494,22.409081398706597,20.723678875666163,21.291305385987254,22.495423856602226,22.82387201721626,20.917987587825202,22.10041507430783,22.01745907086028,22.329388142158066,21.922842507805573,21.86904474617572,19.966744004512407,20.920923482726053,22.238860787681055,22.60820003143587,20.895766816897186,21.7766037857363,20.685420328657283,19.261482923426446,19.737011078154982,21.24895550930022,21.78520772429198,20.313216674213443,22.18582934266932,21.987827699186965,18.99556516829631,18.119898141585047,19.057476264574042,21.571999932837983,19.091656255617977,20.77369626939109,21.039220966985386,22.495423856602226,21.34655922042662,22.30017125035759,21.49066818173966,22.068112171256274,21.230790298359437,20.59378394098262,23.088122862693584,21.432112193408887,22.01745907086028,21.806522176835504,21.19344721191928
VHL_1.pdb_ringEdges,19.75360028980663,0.0,17.834320624178098,16.778783002802022,18.86537469028178,20.623127450189784,16.161098426846017,17.70172819535884,21.08863932693186,20.902473198805243,19.170351123668137,19.846021438291697,20.59148971830104,20.502429277995628,22.81041342523017,20.49943344713563,23.701888691812194,23.885685760554754,22.47826596837224,21.704674920067944,22.12776073794161,21.083486092835106,22.781813440155435,22.781813440155435,22.781813440155435,22.37110059278003,18.999709902468318,20.48360204543882,20.2942139071765,20.609683527849473,20.884006614715105,20.600588631602342,21.119532326007864,20.689226531897916,19.914699987460292,20.333208553465926,19.45776771393493,21.517325010106415,22.33566407707143,19.726955059144622,21.674615945339205,20.846042317786853,19.660744693163675,21.328477137570644,21.43865079783464,18.662860504347243,19.433877393643836,19.339486757189185,18.67036896168242,22.221504800317888,16.78994824901865,18.34198316586003,20.422158723531986,20.96769168240006,20.5780251265819,18.33176323508152,19.074656476200012,20.413828877719606,20.85276469141659,20.936574635797392,21.350247559832685,22.94114345432951,21.286201215922116,23.22068043791998,22.367580589266296,22.221504800317888,21.230790298359437,21.4141023516644,20.1006914128741,20.44489424740078,21.208897256449838,21.704674920067948,20.16850276884746,20.59148971830104,19.292852905372666,18.19249650635828,18.840733222103026,20.41915111564299,21.328477137570644,19.56430946198739,20.534204228727404,21.230790298359437,17.333414092281075,19.470551153080496,19.339486757189185,21.929234792456324,19.108805736960992,20.159208833369465,21.875452751220166,21.350247559832685,19.881934980848243,20.657690032535456,21.668148546133853,23.088122862693584,20.438037719575025,22.023823893630222,22.080810780503718,22.023823893630222,22.24516226271429,22.159976690627037,20.22682400795584
VHL_2.pdb_ringEdges,19.779493078860558,17.834320624178098,0.0,17.246339335419588,17.419872803896617,18.095808015022026,16.023211509763396,18.551142333823105,15.597597230665972,19.60772786750123,14.887398888633683,17.128968877406184,15.433678278260517,14.283518391411667,20.374988527121058,18.235813167768626,19.12577516312871,20.739327015102727,19.48720557448815,16.727835258662278,18.285143059131734,19.421069814917647,19.194569441979993,18.253766734567414,18.927711634440527,18.431315358019667,19.34656981946742,18.218014792839696,17.932243427154024,18.288501615457257,17.624428286924513,20.061244809509866,18.589557647865295,18.923551130841556,17.656922980345648,19.33948675718919,16.225186991630817,18.730076028449428,17.53879838583298,16.688814680290236,16.688814680290236,16.99087295519355,16.381187596954444,18.278251781529224,19.806067629911542,18.558695990031023,18.03400113259378,15.190651912008613,15.684889162231782,17.68321415897364,17.968563975415023,16.99087295519355,16.990872955193545,16.700040077277574,15.56778421972154,18.76065576477564,16.61808141517124,21.460309454659864,18.90315142663433,18.725871614334416,17.892416904296784,18.85126199330319,17.683214158973644,20.403103052556204,19.806067629911542,17.393183568446272,18.58955764786529,18.249452585900745,18.62459638626247,19.383408767115004,17.56876254386844,18.86120043607415,16.770427665819625,20.05190116067502,19.128986126719322,20.313216674213447,19.453720572026526,20.495591997758506,18.701046330573796,18.452236703719112,20.495591997758506,21.5417558266379,19.547559607638316,17.862995666271328,19.60772786750122,18.725871614334412,18.526082911168675,19.48720557448815,20.278066969018518,20.336073994549952,21.368311220343283,20.371123610772038,18.63212026345394,18.4875357032232,19.45776771393493,18.487535703223205,20.499433447135633,20.187623869101454,17.287654326888433,18.725871614334412,16.840521061009344
VHL_3.pdb_ringEdges,18.957972581725315,16.778783002802022,17.246339335419588,0.0,20.142953673112718,20.974224901917598,13.504388321468245,15.314652548365743,18.86120043607415,19.713459169839897,17.28765432688843,18.313886130388884,18.45223670371911,19.993069665403286,21.834235921316697,21.806522176835504,23.695974607481855,22.85241936570702,21.61371684614915,20.313216674213443,20.4031030525562,19.387470586645165,20.980906205329887,20.374988527121058,20.623127450189784,22.695172749766236,20.764673210607164,20.091366109002745,20.403103052556204,21.550453527573247,20.746083967823896,21.432112193408887,22.03854890402894,22.547727158186028,21.839212007358736,21.99140848704544,20.33607399454995,22.938466128894852,22.206759274606338,19.957356112274137,21.776603785736302,19.957356112274137,19.773122615124695,22.238860787681055,22.008945926313718,20.648616281259827,20.920923482726057,18.24945258590074,17.538798385832983,22.091933896947243,16.618081415171243,18.58955764786529,18.313886130388884,20.830323142110014,19.934064541228366,18.17448241418781,19.190466793385493,22.522289921477483,21.438650797834637,21.042139946861557,21.453777451281947,23.03752502017345,21.626536630125802,21.860473804577744,22.008945926313718,22.320993966522707,22.823872017216257,22.320993966522703,20.460755599074034,21.153804966646753,21.893083076948596,22.823872017216257,20.77369626939109,22.000429487575804,19.924661251430397,19.393074500518914,19.865452939020564,21.128925577581835,21.776603785736302,21.042139946861553,22.855106770956258,22.599909413796567,18.98569706156152,19.200229657419143,19.190466793385497,22.712166776532772,19.48720557448815,21.24895550930022,22.43464699581367,22.71216677653277,21.809338460725666,21.722443852594797,22.6349322393577,22.289010745208046,21.929234792456324,22.24728595320032,22.858551700113708,21.423366446972324,21.668148546133853,21.10401685838634,20.830323142110018
VHL_4.pdb_ringEdges,18.798642939796284,18.86537469028178,17.419872803896617,20.142953673112718,0.0,14.2008095588239,19.24856063746516,17.125382920024894,20.242856229950767,21.390041100187638,18.785402273645275,18.477396278381498,21.21535619740279,20.641827423221972,19.750490873995496,17.32532623455784,20.527377532126614,21.2241876577711,20.50473346542668,20.093717433938412,19.48720557448815,17.72795292639931,19.19456944197999,19.97376231715903,20.83705058700377,18.975242884339714,17.21938113330944,16.401171458065136,18.08388154278675,18.437209893620487,17.910714692256185,18.701046330573796,18.46238994604125,19.06730722268903,19.234155970707725,19.786577809649717,17.43415057578695,19.527811783988138,18.38828795343024,18.349451278028027,19.547559607638316,19.547559607638316,17.86643357861041,19.806067629911542,19.547559607638316,18.153240963539123,17.90288763933829,17.51229039733609,16.770427665819625,20.650904157437875,18.526082911168672,17.150836163358395,19.094872956590894,17.29849112713564,18.044389709823935,19.029856359701352,16.92140237296296,20.86831603587669,19.433877393643833,18.725871614334412,20.584682019848337,21.423366446972324,20.152255105242478,21.955359147041758,19.547559607638316,19.640950311373892,19.838957935549534,19.779493078860558,18.62459638626247,18.174482414187814,18.885815199456747,20.593783940982625,18.823339508074024,19.15325674903587,18.034001132593776,20.562101059959794,18.249452585900745,20.129189053921266,19.16303857022926,18.044389709823935,19.35625394876637,18.86120043607415,18.34945127802802,19.35625394876637,19.48720557448815,20.830323142110018,17.968563975415027,18.687736515238864,19.77001626977293,19.450563216750787,20.278066969018514,20.11987695834389,20.499433447135633,21.343681873226828,19.457767713934935,19.67723813921561,20.746083967823896,20.92987918072354,20.428866407051693,21.423366446972324,17.928818134083446
VHL_5.pdb_ringEdges,19.943463397400773,20.623127450189784,18.095808015022026,20.974224901917598,14.2008095588239,0.0,20.483448282535512,19.18726611850584,17.602344153124587,21.06420630837,20.300963865252005,21.008209868757582,20.323834965786734,21.21535619740279,19.704829736910437,18.004811255507697,19.29530153735159,18.992331647728843,20.460755599074027,19.41385169911616,18.785402273645275,17.250904346943713,17.292208431572437,19.810042788333156,19.147582647943903,19.597605510170965,17.16698901412311,16.51236711427333,18.58955764786529,18.662860504347247,18.292806554860388,19.96981974849551,18.95797258172531,19.806067629911542,19.966744004512407,21.230790298359434,17.82646002899494,17.07565380171153,18.760655764775635,20.152255105242478,19.115974273914077,19.640950311373892,17.39318356844627,21.008209868757582,20.65090415743787,19.457767713934935,18.687736515238864,16.727835258662274,16.87919093482188,19.020006044196194,18.070117151204848,18.249452585900745,18.923551130841556,18.38828795343024,17.86299566627133,17.82646002899494,18.184790737680437,20.03265051395279,19.527811783988138,18.551142333823105,21.976508574699892,22.763972087420292,20.739327015102727,22.038548904028943,21.008209868757582,21.095135088675033,20.54999664731662,20.492595167350405,18.992331647728847,19.737011078154982,20.641827423221972,21.752436735616715,21.073101113770154,20.393916029630546,19.22441033571395,20.895766816897183,19.547559607638316,21.073101113770154,20.65090415743787,18.823339508074024,20.336073994549952,20.61930904545084,19.89824508544195,19.71034342154584,20.21062322984085,20.917987587825202,19.547559607638316,19.319363221275964,19.557144212890066,19.091656255617977,22.15365098507475,22.008945926313718,20.83410287292652,21.898836843953834,18.705256324713336,21.017128372814632,22.35645373537688,20.773696269391085,21.008209868757586,22.43464699581367,20.773696269391085
VHL_6.pdb_ringEdges,18.95797258172531,16.161098426846017,16.023211509763396,13.504388321468245,19.24856063746516,20.483448282535512,0.0,15.46772102479184,18.58955764786529,17.393183568446265,15.74791574760612,18.164168240632872,16.265319853026554,19.47758655359426,21.252660787562128,21.095135088675033,22.59719165883543,22.40282603095485,20.403103052556204,19.285586801228437,19.380239956909758,19.387470586645165,19.611743227998495,20.123790128448917,20.737048894439962,21.545410750539165,20.26882327246438,18.103551659195645,20.764673210607167,20.58468201984834,21.812948549186295,19.83895793554953,21.806522176835504,21.390041100187638,20.278066969018518,21.758879081828585,20.6988150598504,22.71563338320109,21.508613912591965,20.21062322984085,21.541755826637903,19.957356112274137,18.715861309780244,20.46075559907403,21.5417558266379,19.77710439542949,19.54755960763832,17.683214158973644,18.38828795343024,21.03922096698539,17.355658951413957,18.589557647865295,18.98569706156152,19.45056321675079,19.417015023966606,16.57509753418412,18.652816383997298,21.600014581505718,20.95875214173264,20.552985108017605,20.974224901917598,21.453777451281947,21.279615768243897,22.320993966522707,21.19344721191928,20.300963865252005,21.806522176835504,21.03922096698539,20.21062322984085,20.187623869101458,20.94311756230066,21.571999932837983,19.77001626977294,20.943117562300657,20.920923482726057,18.86120043607415,19.48720557448815,20.527377532126614,20.707866815089766,19.029856359701352,20.278066969018518,22.599909413796567,18.589557647865295,17.82646002899494,18.652816383997298,22.25974085635603,19.48720557448815,21.487003946168876,22.206759274606338,21.68957803359923,20.74228819790717,21.722443852594797,22.409081398706594,22.51606600510969,21.929234792456324,21.313113777616763,21.26147675258676,21.073101113770154,22.238860787681052,22.48709166029663,21.073101113770154
VHL_7.pdb_ringEdges,20.895766816897186,17.70172819535884,18.551142333823105,15.314652548365743,17.125382920024894,19.18726611850584,15.46772102479184,0.0,17.498076384715958,19.081837842122827,17.460777192252362,18.477396278381498,18.885815199456744,20.64182742322197,21.864075449823858,21.126018588870988,24.245853610933857,22.431909218367974,21.98503427978825,19.31936322127596,21.03922096698539,19.93801418017398,20.76846488930435,21.252660787562128,21.252660787562128,21.81013273145717,21.039220966985386,20.374988527121058,21.51732501010641,21.10401685838634,20.281949618194016,21.571999932837983,21.365436802550498,22.121425820117484,20.917987587825202,20.588506846617804,20.368108466906907,22.063187710947474,22.236098904443395,20.739327015102727,20.852613650643217,20.242856229950764,19.547559607638316,21.334899876866196,21.571999932837986,21.405349246811006,20.460755599074027,18.95797258172531,18.823339508074024,22.68073517396418,17.257202079770845,18.895735468555802,19.285586801228433,22.153650985074755,19.45056321675079,18.885815199456747,19.48720557448815,22.095497813401874,20.98983631061606,20.336073994549952,21.59352483872491,23.817283474947008,21.890277567187304,22.90390744781232,22.37370503884759,21.99763766844353,22.174611289192228,21.8902775671873,19.98999749874922,21.18460293644426,21.21535619740279,22.85241936570702,20.6733881204304,22.259740856356025,20.46075559907403,19.426664036590303,20.152255105242478,21.398800466786046,20.85261365064322,20.336073994549952,21.74381982972176,22.402826030954845,19.02000604419619,18.82333950807402,20.11987695834389,22.516066005109693,19.898245085441953,21.279615768243897,21.538904555450788,22.516066005109693,21.128925577581832,22.320993966522703,22.210304765925105,23.430110514894228,21.72606837980803,21.215356197402787,23.209962563621765,21.922842507805573,22.82387201721626,22.289010745208046,21.453777451281947
VHL_8.pdb_ringEdges,21.484145408579966,21.08863932693186,15.597597230665972,18.86120043607415,20.242856229950767,17.602344153124587,18.58955764786529,17.498076384715958,0.0,17.568762543868438,14.635304096063464,16.606800618170062,15.344957365057523,18.589557647865295,19.421069814917647,20.949132242942266,20.34528713637183,16.685134125544256,19.67723813921561,16.192736779477666,17.928818134083443,17.856911584554105,15.062494486554353,18.73007602844943,18.85543844770304,20.133100414080896,21.453777451281944,19.938014180173983,19.67723813921561,18.41353490551272,18.31818510420208,22.434646995813672,18.712579456645194,20.584682019848337,18.624596386262468,19.71745299869903,18.95797258172531,18.253766734567414,19.054253250367324,18.27489134149112,18.5511423338231,17.99439982874812,19.356253948766373,20.24589002716664,21.398800466786042,21.230790298359437,19.770016269772935,17.928818134083443,18.895735468555802,18.174482414187814,18.920305302925357,18.823339508074024,19.477586553594257,19.74650372721254,16.657267690985034,18.413534905512723,18.210319822328653,21.045881636516622,20.065169414237374,19.898245085441953,21.008209868757582,21.596368898643565,19.45056321675079,22.516066005109696,22.434646995813672,20.084388892006505,20.02565283963405,19.45056321675079,20.05818308475165,19.760534915772908,19.865452939020564,20.773696269391085,19.547559607638316,21.626536630125802,21.017128372814632,21.635200247831754,20.336073994549952,21.3348998768662,19.35625394876637,19.64095031137389,21.571999932837983,23.014682064959768,20.673388120430396,20.242856229950767,21.21535619740279,19.64095031137389,20.084388892006505,20.86159867346216,19.580884137904683,20.15225510524248,23.073931160783985,22.487091660296635,19.28966921910993,20.926944542240644,19.52781178398814,21.51732501010641,23.268714422291175,21.51732501010641,20.986084628426898,21.487003946168876,18.95797258172531
VHL_9.pdb_ringEdges,23.234646950139734,20.902473198805243,19.60772786750123,19.713459169839897,21.390041100187638,21.06420630837,17.393183568446265,19.081837842122827,17.568762543868438,0.0,18.023606567521036,18.189726268756313,16.381187596954444,17.528110156810726,21.341468265246778,20.943117562300657,21.248955509300224,19.79660354230047,19.6172830757878,19.644077066116584,19.477586553594257,20.00007874000248,19.44813413312039,20.958752141732642,20.46760451654441,22.32727226094072,21.976508574699896,21.812948549186295,21.976508574699896,21.3348998768662,22.295298046014764,19.029856359701355,21.313113777616767,20.641827423221972,19.346569819467415,20.03265051395279,21.20652105917118,19.895870659293564,21.359539350366205,19.153256749035872,20.419690975319853,18.614531619183296,21.153804966646756,20.187623869101458,21.863283138776275,20.126841872969724,21.423366446972324,19.737011078154982,19.865452939020567,19.51103059709122,20.886796492438357,19.67723813921561,20.3039889800979,21.571999932837986,20.821324622970508,18.75066403023645,20.11056055084719,19.027373567623297,22.036405097163623,22.115729963332058,19.957356112274137,20.821324622970508,21.12892557758184,21.12892557758184,21.042139946861557,20.393916029630553,20.58468201984834,22.79259445970827,21.563310922786318,19.957356112274137,21.334899876866196,22.289010745208046,20.54999664731662,22.703914123679926,22.906588812471,22.382079445729797,20.773696269391085,20.796047474248102,22.712166776532772,19.70083334901519,19.60772786750123,20.58468201984834,19.537970300534468,19.60772786750123,20.3619221591614,21.884521549820704,20.527377532126614,20.24589002716664,18.652816383997298,18.03400113259378,21.24895550930022,19.617283075787796,20.980906205329887,22.599909413796567,20.46760451654441,19.806067629911542,20.37498852712106,20.920923482726057,23.690657316640408,22.238860787681055,22.37370503884759
VHL_10.pdb_ringEdges,21.453777451281947,19.170351123668137,14.887398888633683,17.28765432688843,18.785402273645275,20.300963865252005,15.74791574760612,17.460777192252362,14.635304096063464,18.023606567521036,0.0,13.552580600936556,15.953376953500236,17.71293401715433,18.730076028449425,20.917987587825202,21.571999932837983,19.248560637465157,19.26148292342645,16.15242357671364,18.99556516829631,18.382377730414035,18.695234981770675,18.965364203465185,19.8725070243558,20.100691412874095,19.57131115874562,19.123304824260234,18.044389709823935,17.683214158973644,18.830783977223312,21.36831122034328,18.5511423338231,19.4170150239666,17.902887639338285,19.56430946198739,18.652816383997298,19.611743227998492,18.75066403023645,17.246339335419588,18.78867140668404,18.239180807685223,17.95813153390342,19.057476264574046,21.36831122034328,18.79286177098387,18.551142333823105,17.892416904296784,18.313886130388887,19.677238139215614,19.153256749035872,17.538798385832983,19.444084986053774,18.24945258590074,16.618081415171243,19.115974273914077,17.018193136693313,21.427041565186272,19.77710439542949,19.08183784212283,19.60772786750122,20.733251470414206,19.67723813921561,22.712166776532772,21.128925577581835,18.6145316191833,18.82333950807402,17.928818134083446,19.24856063746516,19.346569819467415,18.099201705108566,18.5511423338231,18.03400113259378,20.268823272464374,20.495591997758506,21.839212007358732,19.417015023966606,21.19344721191928,18.10955287995292,18.687736515238868,20.460755599074027,21.976508574699896,19.77001626977293,20.460755599074027,18.64952343652375,19.081837842122827,19.417015023966606,20.58468201984834,21.571999932837986,21.03922096698539,21.806522176835504,21.18460293644426,19.518212774771662,20.650904157437868,19.800580600729468,21.008209868757582,21.308014831583723,21.487003946168876,20.09677374507236,20.371123610772038,16.959887832046256
VHL_11.pdb_ringEdges,20.943117562300657,19.846021438291697,17.128968877406184,18.313886130388884,18.477396278381498,21.008209868757582,18.164168240632872,18.477396278381498,16.606800618170062,18.189726268756313,13.552580600936556,0.0,17.779312051029255,18.569384675968518,18.14291471430951,20.39391602963055,21.064206308370004,18.948084896892414,17.43415057578695,17.958131533903416,18.138574200188614,19.1605730356667,16.946046852791596,18.930956192496048,19.197768899240902,19.027373567623293,18.885815199456744,19.353813028448872,15.75981134224985,15.994191859182708,17.834320624178094,20.495591997758506,18.10955287995291,17.892416904296784,16.381187596954444,17.479526831917287,15.672936702542053,19.57847122308253,18.71586130978024,15.178310260440874,17.921789843123992,16.910323921146816,17.5015859798769,18.352798065973307,20.245890027166645,19.027373567623293,18.239180807685226,18.13857420018861,17.99781264049939,19.64407706611658,18.17448241418781,16.46432554792426,18.203400218848095,17.932243427154017,16.578802517473505,19.081837842122827,17.568762543868438,20.307866673259834,20.000078740002476,20.087446622481004,17.81594437619707,19.43444462276387,19.119186883510867,22.000429487575804,20.610218396761457,18.579473899809454,18.78867140668404,17.605832963274093,19.477586553594257,18.378093772441726,17.646306298606856,19.05747626457404,15.747915747606124,19.467962779991886,20.213661864794606,20.245890027166645,18.725871614334412,19.806067629911542,18.352798065973307,18.652816383997298,19.6677120590524,20.142953673112718,18.274891341491113,19.667712059052395,18.885815199456744,18.652816383997294,18.452236703719112,20.303988980097895,20.57557607234026,20.518246153042664,20.707866815089762,20.552985108017605,19.22195267310085,20.371123610772038,20.52507588676544,20.733251470414203,21.75026472822874,20.977152926026196,19.288771161310034,19.713459169839894,16.3091201962216
VHL_12.pdb_ringEdges,21.836399576319646,20.59148971830104,15.433678278260517,18.45223670371911,21.21535619740279,20.323834965786734,16.265319853026554,18.885815199456744,15.344957365057523,16.381187596954444,15.953376953500236,17.779312051029255,0.0,15.391377072535665,18.282559134430198,19.380239956909758,20.219893533057707,18.413534905512723,16.381187596954447,14.460481036639953,15.59759723066597,17.794274935283003,18.59379288521488,14.892686996786443,16.65443120434191,18.218014792839696,21.680936145055732,19.55158732505199,19.6677120590524,20.742288197907172,19.648084998149006,19.22441033571395,17.81594437619707,18.98569706156152,16.840521061009344,18.597095700779114,19.214659757755253,19.326616626720266,18.174482414187814,17.355658951413957,18.213692175864985,15.994191859182711,20.119876958343895,17.932243427154024,20.119876958343895,19.68435967330488,20.268823272464378,18.349451278028024,19.55714421289007,20.46075559907403,20.21062322984085,20.61930904545084,20.119876958343895,19.356253948766373,18.10955287995292,20.673388120430396,19.020006044196194,21.27739549510508,21.045881636516622,21.60504461360599,18.515964594962092,19.057476264574046,17.0292014136718,19.957356112274137,20.37112361077204,18.313886130388887,18.652816383997298,20.460755599074023,20.300963865252005,20.886796492438357,21.098046332661177,22.185829342669315,19.417015023966602,22.53941429696862,21.95535914704176,21.752436735616715,20.95206377371815,22.153650985074755,20.864542502970618,20.77369626939109,19.417015023966602,22.51879355099037,19.60772786750123,17.928818134083443,20.428866407051697,18.78867140668404,21.19344721191928,20.313216674213447,20.830323142110018,20.39391602963055,22.124202018618202,20.920923482726057,18.965364203465185,19.87488424172697,21.780219299995704,19.356253948766373,20.689226531897923,19.6172830757878,20.619309045450837,19.842053487836715,20.74228819790717
VHL_13.pdb_ringEdges,21.75243673561672,20.502429277995628,14.283518391411667,19.993069665403286,20.641827423221972,21.21535619740279,19.47758655359426,20.64182742322197,18.589557647865295,17.528110156810726,17.71293401715433,18.569384675968518,15.391377072535665,0.0,20.342964888934965,18.477396278381498,19.87488424172697,20.460755599074027,19.713459169839897,16.990872955193552,18.249452585900748,20.657690032535456,20.980906205329887,18.76812509775655,19.68435967330488,18.67036896168242,22.06240255047515,21.079751078032466,20.087446622481004,19.64407706611658,19.292852905372662,20.53036928533254,19.094872956590894,19.156463106224944,17.03280762038575,18.771397239702445,18.57947389980945,18.965364203465185,17.36645331630502,17.249900148062025,17.249900148062025,16.952457838663207,19.7731226151247,18.519281290794172,20.02871953718491,19.064829307796934,20.676358746733474,17.683214158973644,18.109552879952915,19.22441033571395,20.864542502970618,18.715861309780244,18.313886130388884,19.261482923426446,18.288501615457253,20.830323142110018,18.923551130841556,21.665968088879534,20.714634029886355,21.520179140430503,16.84052106100934,18.69102273040888,18.213692175864985,19.48720557448815,19.393074500518917,18.213692175864985,17.287654326888433,20.11987695834389,20.21062322984085,20.79900058168301,19.64407706611658,20.061244809509866,19.057476264574046,21.184602936444264,21.40167040356878,22.691703017331495,22.384823317610294,22.405567362128934,20.53036928533254,20.3039889800979,19.96043330285681,20.178338740607675,18.44207787155429,18.109552879952915,19.57444903740869,18.41687004792629,20.37112361077204,18.24945258590074,19.35625394876637,19.417015023966602,19.214659757755253,19.453720572026526,17.333414092281075,18.725871614334416,20.86831603587669,18.044389709823935,20.71463402988636,20.653878017586774,19.128986126719326,19.749613770767468,19.383408767115
VHL_14.pdb_ringEdges,21.608688832755817,22.81041342523017,20.374988527121058,21.834235921316697,19.750490873995496,19.704829736910437,21.252660787562128,21.864075449823858,19.421069814917647,21.341468265246778,18.730076028449425,18.14291471430951,18.282559134430198,20.342964888934965,0.0,15.723396479463137,17.768148091857327,13.796496188765254,15.929173948361711,15.723396479463135,15.27717663654682,15.267999575046565,16.337580464471195,15.569807244721924,15.79315111202461,17.52478559743943,18.95224001470019,17.99439982874812,18.077871800045976,16.995506585403337,18.46409582529481,19.494396529849084,16.66567976080675,17.037429845725896,17.223953289797727,17.0292014136718,18.558695990031023,17.25902707999589,17.186059173680857,17.727952926399315,17.573243799532154,18.142914714309512,21.045881636516622,19.231699553511522,21.045881636516622,18.699446284277577,20.834102872926515,19.9970076501618,19.350639371723304,21.608688832755817,20.397776627333247,20.191523909682385,21.86688432130329,17.87084019104469,18.86537469028178,21.33859023157026,21.230790298359434,20.917987587825202,21.51732501010641,21.545410750539162,19.51821277477166,20.400787386379278,19.588040703007458,22.409081398706594,20.802786003605643,19.06160753687274,18.999709902468318,20.029584418267486,21.6932080520736,22.01252327886019,20.924686847956387,21.55410697660784,20.86831603587668,21.917885408665715,21.896679358503963,22.93846612889485,20.890566005532158,22.775660444022623,20.9336409359348,21.43578581218394,20.374988527121058,20.409971316340894,19.68123931825336,20.374988527121058,19.997007650161805,19.777104395429486,20.890566005532158,20.499433447135633,21.252660787562128,21.197162193071264,21.726068379808027,22.044907637726794,19.428285249000627,20.811792538400358,22.861996110176644,21.405349246811003,21.51732501010641,20.432720401163564,21.866884321303285,21.3748693415908,20.565930086309255
VHL_15.pdb_ringEdges,18.4875357032232,20.49943344713563,18.235813167768626,21.806522176835504,17.32532623455784,18.004811255507697,21.095135088675033,21.126018588870988,20.949132242942266,20.943117562300657,20.917987587825202,20.39391602963055,19.380239956909758,18.477396278381498,15.723396479463137,0.0,16.236732924544647,15.87549986812989,18.45223670371911,16.987257846216917,17.47150661239856,16.44087473964583,19.421069814917647,16.84519604876298,18.421144988223865,16.28544589599855,18.995565168296306,17.265321849959157,18.174482414187807,18.249452585900745,17.87084019104469,16.731506420122912,17.07104192604965,16.225186991630817,16.727835258662278,18.76812509775655,16.18115945350773,17.804803386222698,15.920372725427486,17.53879838583298,17.246339335419588,18.10955287995292,17.826460028994937,19.057476264574046,17.82646002899494,17.91071469225618,18.82333950807402,16.265319853026554,17.902887639338285,21.453777451281944,19.029856359701352,18.10955287995291,19.322542014995328,18.24945258590074,18.561241473548314,20.4031030525562,18.044389709823932,20.15920883336946,19.914699987460292,19.74650372721254,19.081837842122827,20.48644645098257,17.928818134083446,19.677238139215614,19.84205348783671,19.93406454122837,18.82333950807402,20.116824157237847,18.586253492773572,20.371123610772038,20.764673210607164,21.869044746175724,20.707866815089762,21.24895550930022,19.35625394876637,20.773696269391085,19.677238139215607,21.66814854613385,21.731069234594507,20.00244079594476,18.86120043607415,18.898985516246814,17.246339335419584,17.616474036546443,18.452236703719105,18.413534905512723,19.4170150239666,17.177901937100177,17.786396642147928,18.95797258172531,19.547559607638316,19.64407706611658,18.86537469028178,18.992331647728847,20.191523909682385,16.492517988660776,20.534204228727404,18.526082911168675,20.64182742322197,20.11987695834389,19.380239956909755
VHL_16.pdb_ringEdges,20.184581314326177,23.701888691812194,19.12577516312871,23.695974607481855,20.527377532126614,19.29530153735159,22.59719165883543,24.245853610933857,20.34528713637183,21.248955509300224,21.571999932837983,21.064206308370004,20.219893533057707,19.87488424172697,17.768148091857327,16.236732924544647,0.0,15.403548011370068,18.798642939796284,19.163038570229265,17.836969482368932,19.527811783988138,17.36019521643567,18.08823518114755,19.037220070995026,17.117380769540905,21.24895550930022,19.457767713934935,19.713459169839894,18.45223670371911,19.170351123668137,19.91074572374401,19.237348844141206,17.932243427154024,18.933451628036046,19.75360028980663,18.17448241418781,16.172690113639444,16.46432554792426,17.749703335659923,19.128986126719322,19.128986126719322,21.19344721191928,20.281095499150656,21.19344721191928,20.780442046634693,22.03854890402894,19.520633138047444,20.16155224620311,20.25514418960606,21.039220966985386,21.19344721191928,21.19344721191928,18.324116031788726,19.29530153735159,19.71034342154584,20.4031030525562,20.83705058700377,22.07446238900914,21.689578033599233,20.18762386910145,21.282501777041237,18.95797258172531,21.98503427978825,20.95206377371815,18.95797258172531,20.061244809509862,20.796047474248102,21.836399576319643,22.71216677653277,21.18460293644426,22.720416431805234,21.257773010967693,23.50272224138951,22.038548904028943,23.29333654844352,22.091933896947236,24.094433636910082,22.361313612055362,22.832081311345085,21.60504461360599,21.1626621131779,21.19344721191928,19.907660852795367,21.24895550930022,19.15325674903587,20.54999664731662,20.4031030525562,19.6172830757878,19.67723813921561,22.43464699581367,22.18582934266932,18.792861770983865,20.469912624011013,21.350247559832685,19.45056321675079,22.755253784635084,21.78520772429198,21.66814854613385,19.934064541228366,21.07310111377015
VHL_17.pdb_ringEdges,21.719616301478812,23.885685760554754,20.739327015102727,22.85241936570702,21.2241876577711,18.992331647728843,22.40282603095485,22.431909218367974,16.685134125544256,19.79660354230047,19.248560637465157,18.948084896892414,18.413534905512723,20.460755599074027,13.796496188765254,15.87549986812989,15.403548011370068,0.0,17.13990600769899,15.551793070785614,16.079330890611207,17.223953289797727,15.396492084365743,15.723396479463133,17.106429237565695,17.661381866910045,20.974224901917598,19.93801418017398,19.15325674903587,17.852501534060206,18.31818510420208,19.993069665403286,16.3375804644712,17.892416904296784,17.498076384715958,19.45776771393493,17.273255464176653,15.484917731953061,16.727835258662278,19.091656255617977,17.99439982874812,18.82333950807402,21.398800466786042,20.24589002716664,20.917987587825202,19.997007650161805,21.538904555450785,19.604595315392633,20.739327015102727,21.550453527573247,20.76171522051195,20.673388120430396,21.74381982972176,18.95797258172531,18.992331647728847,20.300963865252,20.368108466906907,20.307866673259834,22.271693838967266,22.121425820117476,20.268823272464374,21.59636889864356,19.187266118505836,22.516066005109693,21.976508574699892,20.584682019848337,20.52737753212661,20.51525263191221,21.803705529178963,23.124926047977084,21.86047380457774,22.006155187622667,21.57199993283798,23.254632931007645,22.006155187622667,22.82118093378601,21.59352483872491,23.852499497609553,21.869044746175717,22.350183638203443,21.806522176835504,21.36831122034328,20.917987587825202,20.242856229950764,20.974224901917594,19.115974273914073,22.289010745208042,20.861598673462158,19.319363221275967,19.380239956909758,21.94402327469406,22.030043909299614,19.55158732505199,20.682451003871826,21.076837307009356,20.796047474248102,22.14874554311955,20.796047474248102,22.660243029880064,21.487003946168876,21.51732501010641
VHL_18.pdb_ringEdges,20.278066969018518,22.47826596837224,19.48720557448815,21.61371684614915,20.50473346542668,20.460755599074027,20.403103052556204,21.98503427978825,19.67723813921561,19.6172830757878,19.26148292342645,17.43415057578695,16.381187596954447,19.713459169839897,15.929173948361711,18.45223670371911,18.798642939796284,17.13990600769899,0.0,14.715571055724036,15.116971741908806,16.472836146476464,18.04177130469798,15.412644364261853,15.739213279121335,16.92968319929072,19.091656255617977,19.81314285824588,15.834379023350367,16.236732924544647,18.33176323508152,16.39262365322344,15.891165276916224,14.635304096063466,16.921402372962966,17.701728195358843,16.99087295519355,18.11729064933388,16.882829184110186,17.001898921271525,18.138574200188614,16.840521061009344,20.3039889800979,18.288501615457253,20.79900058168301,19.75360028980663,20.830323142110018,19.091656255617977,20.002440795944764,20.527377532126614,20.02565283963405,19.029856359701355,20.438037719575025,16.54704579099994,18.589557647865295,20.983157850662675,20.986084628426898,20.249778845880922,22.159976690627033,22.23886078768105,18.184790737680437,19.51417816886735,19.842053487836708,21.12892557758184,19.67723813921561,18.388287953430236,19.261482923426446,20.27806696901851,21.21535619740279,22.46642289017801,20.562101059959794,21.31311377761676,19.36593323541987,22.14519019604251,22.579343915480425,21.922842507805573,20.52737753212661,21.985034279788245,20.685420328657283,20.707866815089762,20.371123610772038,19.782597936124617,19.934064541228366,20.002440795944764,19.99306966540329,19.7731226151247,20.659976903890552,20.74228819790717,21.487003946168876,21.19344721191928,21.955359147041758,20.628395688017452,20.444894247400775,20.80800875495914,22.858551700113708,20.313216674213443,22.053406900193707,21.40167040356878,21.5201791404305,19.910745723744007,21.05104407607644
VHL_19.pdb_ringEdges,21.10401685838634,21.704674920067944,16.727835258662278,20.313216674213443,20.093717433938412,19.41385169911616,19.285586801228437,19.31936322127596,16.192736779477666,19.644077066116584,16.15242357671364,17.958131533903416,14.460481036639953,16.990872955193552,15.723396479463135,16.987257846216917,19.163038570229265,15.551793070785614,14.715571055724036,0.0,14.899981503978374,15.809993849202186,17.438666423043166,15.199875672927094,16.0029524834943,16.59484788655662,20.336073994549952,18.17881435458822,17.314506229871295,17.683214158973644,18.153240963539123,18.78867140668404,14.839402751315435,16.840521061009344,17.0292014136718,18.49511533726088,17.098234011125612,16.92605502125871,16.236732924544647,18.10955287995292,16.646013450058472,17.24633933541959,18.982461860035873,18.239180807685226,19.770016269772935,18.52021666171458,20.425859786836295,18.92030530292536,19.838957935549534,21.689578033599233,20.616330198804576,19.51103059709122,20.393916029630553,17.968563975415027,17.430627402751263,21.420499417044187,19.450563216750787,21.427041565186276,20.711668893318485,20.796047474248105,19.081837842122827,19.98369414037512,18.76065576477564,21.215356197402794,20.393916029630553,19.417015023966606,18.823339508074024,20.116824157237843,20.704900709393097,22.091933896947236,19.760534915772908,20.42585978683629,20.707866815089762,22.455345013716425,21.398800466786042,22.006155187622667,20.974224901917598,23.07393116078398,20.527377532126614,21.279615768243897,20.707866815089766,20.495591997758506,20.02565283963405,18.785402273645275,19.309660590646956,18.135187877992298,22.15365098507475,19.710343421545844,20.49259516735041,20.79604747424811,21.095135088675036,21.423366446972324,19.133101958417015,19.779493078860558,22.157204974532874,19.115974273914077,21.308014831583726,19.380239956909758,20.886796492438357,19.865452939020564,20.152255105242478
