,/home/elykka/Documents/CMC/data/vhl/pdb/VHL_0.pdb,/home/elykka/Documents/CMC/data/vhl/pdb/VHL_1.pdb,/home/elykka/Documents/CMC/data/vhl/pdb/VHL_2.pdb,/home/elykka/Documents/CMC/data/vhl/pdb/VHL_3.pdb,/home/elykka/Documents/CMC/data/vhl/pdb/VHL_4.pdb,/home/elykka/Documents/CMC/data/vhl/pdb/VHL_5.pdb,/home/elykka/Documents/CMC/data/vhl/pdb/VHL_6.pdb,/home/elykka/Documents/CMC/data/vhl/pdb/VHL_7.pdb,/home/elykka/Documents/CMC/data/vhl/pdb/VHL_8.pdb,/home/elykka/Documents/CMC/data/vhl/pdb/VHL_9.pdb,/home/elykka/Documents/CMC/data/vhl/pdb/VHL_10.pdb,/home/elykka/Documents/CMC/data/vhl/pdb/VHL_11.pdb,/home/elykka/Documents/CMC/data/vhl/pdb/VHL_12.pdb,/home/elykka/Documents/CMC/data/vhl/pdb/VHL_13.pdb,/home/elykka/Documents/CMC/data/vhl/pdb/VHL_14.pdb,/home/elykka/Documents/CMC/data/vhl/pdb/VHL_15.pdb,/home/elykka/Documents/CMC/data/vhl/pdb/VHL_16.pdb,/home/elykka/Documents/CMC/data/vhl/pdb/VHL_17.pdb,/home/elykka/Documents/CMC/data/vhl/pdb/VHL_18.pdb,/home/elykka/Documents/CMC/data/vhl/pdb/VHL_19.pdb,/home/elykka/Documents/CMC/data/vhl/pdb/VHL_20.pdb,/home/elykka/Documents/CMC/data/vhl/pdb/VHL_21.pdb,/home/elykka/Documents/CMC/data/vhl/pdb/VHL_22.pdb,/home/elykka/Documents/CMC/data/vhl/pdb/VHL_23.pdb,/home/elykka/Documents/CMC/data/vhl/pdb/VHL_24.pdb,/home/elykka/Documents/CMC/data/vhl/pdb/VHL_25.pdb,/home/elykka/Documents/CMC/data/vhl/pdb/VHL_26.pdb,/home/elykka/Documents/CMC/data/vhl/pdb/VHL_27.pdb,/home/elykka/Documents/CMC/data/vhl/pdb/VHL_28.pdb,/home/elykka/Documents/CMC/data/vhl/pdb/VHL_29.pdb,/home/elykka/Documents/CMC/data/vhl/pdb/VHL_30.pdb,/home/elykka/Documents/CMC/data/vhl/pdb/VHL_31.pdb,/home/elykka/Documents/CMC/data/vhl/pdb/VHL_32.pdb,/home/elykka/Documents/CMC/data/vhl/pdb/VHL_33.pdb,/home/elykka/Documents/CMC/data/vhl/pdb/VHL_34.pdb,/home/elykka/Documents/CMC/data/vhl/pdb/VHL_35.pdb,/home/elykka/Documents/CMC/data/vhl/pdb/VHL_36.pdb,/home/elykka/Documents/CMC/data/vhl/pdb/VHL_37.pdb,/home/elykka/Documents/CMC/data/vhl/pdb/VHL_38.pdb,/home/elykka/Documents/CMC/data/vhl/pdb/VHL_39.pdb,/home/elykka/Documents/CMC/data/vhl/pdb/VHL_40.pdb,/home/elykka/Documents/CMC/data/vhl/pdb/VHL_41.pdb,/home/elykka/Documents/CMC/data/vhl/pdb/VHL_42.pdb,/home/elykka/Documents/CMC/data/vhl/pdb/VHL_43.pdb,/home/elykka/Documents/CMC/data/vhl/pdb/VHL_44.pdb,/home/elykka/Documents/CMC/data/vhl/pdb/VHL_45.pdb,/home/elykka/Documents/CMC/data/vhl/pdb/VHL_46.pdb,/home/elykka/Documents/CMC/data/vhl/pdb/VHL_47.pdb,/home/elykka/Documents/CMC/data/vhl/pdb/VHL_48.pdb,/home/elykka/Documents/CMC/data/vhl/pdb/VHL_49.pdb,/home/elykka/Documents/CMC/data/vhl/pdb/VHL_50.pdb,/home/elykka/Documents/CMC/data/vhl/pdb/VHL_51.pdb,/home/elykka/Documents/CMC/data/vhl/pdb/VHL_52.pdb,/home/elykka/Documents/CMC/data/vhl/pdb/VHL_53.pdb,/home/elykka/Documents/CMC/data/vhl/pdb/VHL_54.pdb,/home/elykka/Documents/CMC/data/vhl/pdb/VHL_55.pdb,/home/elykka/Documents/CMC/data/vhl/pdb/VHL_56.pdb,/home/elykka/Documents/CMC/data/vhl/pdb/VHL_57.pdb,/home/elykka/Documents/CMC/data/vhl/pdb/VHL_58.pdb,/home/elykka/Documents/CMC/data/vhl/pdb/VHL_59.pdb,/home/elykka/Documents/CMC/data/vhl/pdb/VHL_60.pdb,/home/elykka/Documents/CMC/data/vhl/pdb/VHL_61.pdb,/home/elykka/Documents/CMC/data/vhl/pdb/VHL_62.pdb,/home/elykka/Documents/CMC/data/vhl/pdb/VHL_63.pdb,/home/elykka/Documents/CMC/data/vhl/pdb/VHL_64.pdb,/home/elykka/Documents/CMC/data/vhl/pdb/VHL_65.pdb,/home/elykka/Documents/CMC/data/vhl/pdb/VHL_66.pdb,/home/elykka/Documents/CMC/data/vhl/pdb/VHL_67.pdb,/home/elykka/Documents/CMC/data/vhl/pdb/VHL_68.pdb,/home/elykka/Documents/CMC/data/vhl/pdb/VHL_69.pdb,/home/elykka/Documents/CMC/data/vhl/pdb/VHL_70.pdb,/home/elykka/Documents/CMC/data/vhl/pdb/VHL_71.pdb,/home/elykka/Documents/CMC/data/vhl/pdb/VHL_72.pdb,/home/elykka/Documents/CMC/data/vhl/pdb/VHL_73.pdb,/home/elykka/Documents/CMC/data/vhl/pdb/VHL_74.pdb,/home/elykka/Documents/CMC/data/vhl/pdb/VHL_75.pdb,/home/elykka/Documents/CMC/data/vhl/pdb/VHL_76.pdb,/home/elykka/Documents/CMC/data/vhl/pdb/VHL_77.pdb,/home/elykka/Documents/CMC/data/vhl/pdb/VHL_78.pdb,/home/elykka/Documents/CMC/data/vhl/pdb/VHL_79.pdb,/home/elykka/Documents/CMC/data/vhl/pdb/VHL_80.pdb,/home/elykka/Documents/CMC/data/vhl/pdb/VHL_81.pdb,/home/elykka/Documents/CMC/data/vhl/pdb/VHL_82.pdb,/home/elykka/Documents/CMC/data/vhl/pdb/VHL_83.pdb,/home/elykka/Documents/CMC/data/vhl/pdb/VHL_84.pdb,/home/elykka/Documents/CMC/data/vhl/pdb/VHL_85.pdb,/home/elykka/Documents/CMC/data/vhl/pdb/VHL_86.pdb,/home/elykka/Documents/CMC/data/vhl/pdb/VHL_87.pdb,/home/elykka/Documents/CMC/data/vhl/pdb/VHL_88.pdb,/home/elykka/Documents/CMC/data/vhl/pdb/VHL_89.pdb,/home/elykka/Documents/CMC/data/vhl/pdb/VHL_90.pdb,/home/elykka/Documents/CMC/data/vhl/pdb/VHL_91.pdb,/home/elykka/Documents/CMC/data/vhl/pdb/VHL_92.pdb,/home/elykka/Documents/CMC/data/vhl/pdb/VHL_93.pdb,/home/elykka/Documents/CMC/data/vhl/pdb/VHL_94.pdb,/home/elykka/Documents/CMC/data/vhl/pdb/VHL_95.pdb,/home/elykka/Documents/CMC/data/vhl/pdb/VHL_96.pdb,/home/elykka/Documents/CMC/data/vhl/pdb/VHL_97.pdb,/home/elykka/Documents/CMC/data/vhl/pdb/VHL_98.pdb,/home/elykka/Documents/CMC/data/vhl/pdb/VHL_99.pdb,/home/elykka/Documents/CMC/data/vhl/pdb/VHL_100.pdb
/home/elykka/Documents/CMC/data/vhl/pdb/VHL_0.pdb,0.0,0.6643163605205925,1.1343868232671521,0.8984875008872759,0.9390897308735917,1.276564291889015,1.9623201898691338,1.8032459024296412,0.7748351628246221,0.8703879951401202,0.8598691407895637,1.1154380462355165,1.1281580008313965,1.001470304174025,1.8148962533478734,1.1123630473024992,0.9445297991979774,1.6466914031081994,1.0914950172027558,1.2910631296723147,1.0641911594683795,1.736742100129474,1.8162745870521437,2.225101418537103,2.845904060268261,1.501371060228535,3.6263380069711255,3.1475579830873723,1.8803092632192755,2.06463621852016,2.515115806840511,3.550316323959559,1.3947725888971256,1.5113232492301532,1.7170726477750051,1.6528245051459325,1.068744068477787,1.524515735726047,0.9855529853708395,0.9746707087582065,4.11245897955753,2.03429317753927,1.3310830745398254,2.879053709557818,1.3721080967237842,2.244619429532065,1.7646511941175724,2.372411585260168,1.762662942937483,1.1907230347945899,1.1552363970066013,1.8334634294414691,1.0365990038393544,1.0825823947009134,1.4917871477164764,1.459421861572424,1.1997835337320752,0.9882289657284908,1.0726763413880749,1.1474239896789673,0.961328528918261,1.4585955937045059,1.0254180342214911,1.0990520166587843,1.222916790742001,1.029930038263315,1.0937277669514427,0.9434513722964747,1.1623301301827944,1.234868987855249,1.157317987330441,0.8646178657821453,1.103100878819301,1.2276566796194577,1.5435936814245494,0.773246209191115,0.8327962679093807,1.0680510928232245,1.4648302073386483,1.3789009620571602,1.2407815317763813,1.3339502847201568,2.2294953123652035,1.3640182544017574,0.9577539495389455,1.0231893827990313,1.2206294151964654,1.4517306236266656,1.373459840177437,1.6853177500047385,1.0808717123895342,1.3773672338171643,1.2646110208442474,1.7087376848934805,1.6160955949115563,1.3148951638710857,1.5646367647445976,1.3032667844543975,1.3021047492285651,1.5220864805339491,0.9044352047349521
/home/elykka/Documents/CMC/data/vhl/pdb/VHL_1.pdb,0.6643163605205925,0.0,0.9721292675722738,0.68729704788651,0.8042502379197578,1.0296155236016877,1.490837932900136,1.6478542617718543,0.708054087362894,0.9449774843801703,0.861468228596584,0.997837557890325,1.0031324729507496,1.0079489183791914,1.54113546140147,1.0305733162044144,0.919037418329939,1.3094395448352825,0.9679847658312818,1.241566545993965,1.086136073103309,1.694082759261183,1.9476649414128684,2.1310278818383237,2.6494364516719924,1.4731967550382146,3.562320063340855,3.130866339618569,1.8173010372223284,2.0261186009146073,2.3569044913637707,2.2230298821525274,1.296516844637314,1.515319565370442,1.7755026361842525,1.5658597864782668,1.0515882143319917,1.463943778253063,0.9708238790987447,1.1334183300508933,4.033125116711668,2.0566619360329095,1.3524645083745583,2.8082420216394843,1.5142409813948707,2.2150918514273332,1.9052789188685544,2.2449158198265087,1.8314999169531632,1.1466085539855022,1.0633038549510674,1.8190198783794187,1.0533921897385254,1.0057478973249236,1.4068711162636096,1.3705080815603439,1.1160884512141458,0.9292298352499645,1.0640362441460072,1.0748267571586299,0.9278738219298924,1.5041036548243163,0.8939300504591412,1.1091806505087678,1.1248043670291996,1.0654765434472397,1.1050293613122795,0.9900343001801469,1.112153613710403,1.3166434723254186,1.1835731968131409,0.9443211201897996,1.1500493661860305,1.3465524356393352,1.604776948908519,0.8893809480499062,0.8933707387668177,1.0553934988123992,1.401940607140963,1.2949925232501147,1.2825408324630454,1.2663466340452898,2.5447420592861687,1.3542949694990039,1.063729226993917,1.1506717038392191,1.2260196376824917,1.41604719261014,1.282736043853275,1.5843154098211727,1.0448417028341646,1.3427733745866446,1.204068097684749,1.7580673297478087,1.6672707982584252,1.342258983951534,1.6431823546549014,1.3940907618407021,1.4224723098122702,1.5964877000267275,1.0249748175492706
/home/elykka/Documents/CMC/data/vhl/pdb/VHL_2.pdb,1.1343868232671521,0.9721292675722738,0.0,0.7639467775911505,0.7240105158286455,0.9400945300042578,0.9359908106038017,1.0501375701747815,0.9723502858093337,1.4042411242820991,1.350403815326977,1.0633202514454398,0.9737273267581381,0.9422921136096051,1.1826692159536445,0.9150262850019711,0.9939392453600515,1.1360324449018055,1.0832753307033158,1.1797958320611541,1.2061958306952514,1.401444411438881,1.5546718902453214,1.6950637145755925,2.0124097733513473,1.2745623110408404,3.014627898550332,2.6051860970672345,1.5527115109719767,1.737212957423786,2.1289784147858497,2.9520431925268236,1.6876895693767908,1.5312092570387859,2.296730153652256,1.96693083379055,1.3418770529027324,1.737957965868416,1.3796308131544524,1.7036320302239634,3.329862062187495,1.759749172224613,1.450037419014633,2.30915582024081,1.7644353702664255,1.9425138520270457,1.8393841674654996,1.7764611800814243,1.7097517027183888,1.6390336197620798,1.335242019787744,1.5207333991712766,1.540137285017907,1.44102279305597,1.5445562307497478,1.320304620356331,1.3117389639535237,1.4927742608407955,1.730103002058132,1.4387401742466108,1.340351480818768,2.1217124261739557,1.4844442919299468,1.6329192885643313,1.7963996429388538,1.6563457016518477,1.7173134469437712,1.6322569877004711,1.972887288376045,2.0788952943544294,1.9063701574548106,1.5307521482278563,2.003758824833776,2.057676895170829,2.475416591109846,1.4409973976675412,1.2555540969396792,1.5735791605289549,1.4784771145235744,1.8659699136336705,1.8244787963269085,1.6767530856495618,1.8591994997438084,1.3088003132498953,1.229526991929501,1.5917717078960267,1.9541789563548015,2.116407252545421,1.7295613646420045,2.254228485170541,1.6582557132236382,2.0458302836780233,1.9016436045873886,2.858101438720192,2.6861177832771648,2.1180039345180868,2.5863272431552486,2.1882177373870806,2.1843155157649905,2.4154265198004135,1.6022928274826138
/home/elykka/Documents/CMC/data/vhl/pdb/VHL_3.pdb,0.8984875008872759,0.68729704788651,0.7639467775911505,0.0,0.6236919455675966,0.8922366699325238,1.1767478302732768,1.223206330233303,0.7846844215544715,1.2138284589365875,1.0858829659814169,0.8949535410501759,0.9546402512441065,0.8942352734177248,1.275607577064731,0.9190249029214942,0.8921432921765489,1.125903853507188,0.9678049698631207,1.0905057048911555,1.0728721181557501,1.4547241341024708,1.7488725854610674,1.8725956636180705,2.061042858788127,1.2186617152648043,3.2616648413251217,2.8019101094028733,1.573069216143512,1.7535188744230283,2.1427165113942146,2.7318145966026766,1.3552558993461414,1.3137792730503892,1.8565334936460582,1.663240065038872,1.0432076436446136,1.4612200622183045,1.090982133236897,1.3262396881556073,3.209925321571466,1.7289374627337257,1.17164665270681,2.354262539246111,1.481156565924143,1.9230565465727982,1.6832721380413211,1.7717630703305134,1.601070752080835,1.3030958183211343,1.0574801484227985,1.546931771657792,1.2242068666227321,1.1246635709629702,1.3553643709423668,1.1937581790567247,1.035706341820378,1.1876057614261941,1.3928353871527213,1.1113899786060133,1.0049377964629567,1.872179706318651,1.1575683891140747,1.3720288225117532,1.4558517141891136,1.31662211552772,1.4109008354180752,1.267845361514678,1.5212336041987429,1.7306400051270896,1.5521876798558143,1.188804513426961,1.5670107628261556,1.6872899948009017,2.0829959186010396,1.1395620377672062,0.9606094457992456,1.2556231928083548,1.2634897669778937,1.5397980520707895,1.498166123498142,1.335619151221927,1.7186061000077972,1.1129869628565818,0.9969839476800119,1.28828455375837,1.4942094867784497,1.7810912709123194,1.3978204180315628,1.9316395758116305,1.3064100376043084,1.6761292493718771,1.5372672475330458,2.4623750890167764,2.229605629785197,1.7269811266618205,2.131258811192096,1.7553881461661174,1.8116765185149701,1.999723355835863,1.1563293208708256
/home/elykka/Documents/CMC/data/vhl/pdb/VHL_4.pdb,0.9390897308735917,0.8042502379197578,0.7240105158286455,0.6236919455675966,0.0,0.8445380531038281,1.005576117693743,0.9675728674210023,0.8383571304616448,1.4874919899708778,1.269366140187147,0.8018006620711273,0.842814570248589,0.8821231729036464,1.0697346552010267,0.7491513711202306,0.8233034448436615,0.9691063984545809,0.8538723304921428,0.9446237245080306,1.0110813732626598,1.2419697977493642,1.66125490982444,1.548656434741241,1.9611867988087393,1.082691300044533,3.032565206464918,2.5292812942752794,1.2918110209199505,1.4690330293669525,1.8473375824831921,2.588084806525271,1.3386008491476329,1.2455002093627021,2.014119356280968,1.7576313203775014,1.1297902642272522,1.3775922312463458,1.1002918334622482,1.3833232760199172,3.152960118483474,1.5791173263770748,1.258164244178711,2.094935938781965,1.5005611143370676,1.7182507025971825,1.536452153988823,1.5883191695206678,1.4934187258601395,1.454537589127211,1.1239302992559652,1.3789845440025668,1.3796209892990559,1.2420480144330974,1.316104495563912,1.1521140587224374,1.0042811545839834,1.1483723539519524,1.4442645001486856,1.1837336221778394,1.2053475009798595,2.20475238444457,1.3920209990727659,1.6432628980929864,1.7633056593859069,1.6457175159341941,1.6058676073713782,1.5638484618552888,1.8600755908093434,2.0927470892168336,1.9092916883146571,1.3689023355722842,1.9062211245763734,2.015784047466135,2.361266764564427,1.3083312157940046,0.9977743557067951,1.383044765380601,1.2261622337417104,1.6482473480774826,1.6740431829965896,1.381915021199958,1.6172471999626765,1.2077956864092434,0.9045668036111774,1.3350499793732495,1.740667593658696,1.9678181909425165,1.6358540717096908,2.195232223522211,1.526122099969502,1.8599166996703305,1.7144309373108817,2.7729320374723403,2.6425673591905574,2.059862925456305,2.481871127987689,2.0654564414882457,2.1284996141829335,2.354822514426889,1.4280725895444086
/home/elykka/Documents/CMC/data/vhl/pdb/VHL_5.pdb,1.276564291889015,1.0296155236016877,0.9400945300042578,0.8922366699325238,0.8445380531038281,0.0,1.0923300318433669,1.3208467039996037,0.9721220815050904,1.4571003047323083,1.1748141729181965,0.7800131959219854,0.660285016567762,1.1342274534455052,1.2544664466986937,0.911167756695598,1.166549683456594,0.9614906601417704,1.0097456722700622,1.2008327285807043,1.328101651494505,1.5823816126763084,2.1529307958729986,2.031760517143855,2.2411609948146705,1.2907777230489377,3.219389683085933,2.8228938225077567,1.7099256876223918,1.9745984482359273,2.0788318709155207,2.979373937338207,1.6277317319490232,1.909571962302264,2.3985597089447825,2.154566841245063,1.51336306826142,1.975954380829601,1.5887991784105244,1.6091150869274606,3.531012477100281,1.7816103185093253,1.5843622571615243,2.458921341288205,1.6449383904361439,1.9903291872850646,1.9832391854561933,1.9923370250504138,1.803387160202438,1.2023829658132448,0.9039966399987386,1.1065875807293388,1.2164522184420947,1.0169999690788325,1.012366407385158,0.9334758879796277,1.0050671594597653,1.135499361348343,1.4662803058967508,1.403345047969657,1.1740471555311196,2.1212059601926674,1.3490165458559022,1.508932671258085,1.666101049451317,1.6113349874955654,1.5090978393790868,1.6522560985098829,1.9068890407580295,2.1112656894920976,1.8814434224344538,1.5118509678911252,2.1074882824593657,2.255127198456633,2.545647751269534,1.585843369980462,1.1031815289728295,1.3657527761097428,1.2735163859426644,1.4857623996299743,1.4630277346503449,1.217349535169648,2.326350640009163,1.1382221847131169,1.0593349738893947,1.2462398789889206,1.9296892137035313,1.9098144675733624,1.3675219530475198,1.8336066516327543,1.5542240711453021,1.7977977527606326,1.6767077608610133,2.858179031970895,2.814501265153391,2.2342449057511486,2.7179925956362476,2.3585512765671237,2.4140237486441136,2.560921142347273,1.8745377406801438
/home/elykka/Documents/CMC/data/vhl/pdb/VHL_6.pdb,1.9623201898691338,1.490837932900136,0.9359908106038017,1.1767478302732768,1.005576117693743,1.0923300318433669,0.0,0.8176714542882914,1.582934496000871,2.4655387106413076,2.3120640346817085,1.2081886169495377,1.2611199669534985,1.1645595518146437,1.198706699660051,1.156345075522438,1.238264791300344,1.1294247478670174,1.2597633035628288,1.1398835612031828,1.2880106996465106,1.0702032851387724,1.3506702871610434,1.422024479811137,1.310994132412494,0.9555664390727211,2.3360130305680045,1.833206655945608,1.1951677936832736,1.3810249199419633,1.6307122902505538,2.1829745660113202,1.8227932523443893,1.5819038874920572,2.568173126672645,2.1652696081750764,1.6244450114142086,1.7814872916517328,1.5773790197284465,2.16817548249239,2.167465607835516,1.1421294210129347,1.3242853108247357,1.521652667515794,1.62691752277288,1.3213217480994375,1.5327738520057967,1.1494147171536517,1.2449850424893827,2.1006434899253517,1.6616127561793244,1.242109874184981,2.111086255893103,1.9660658406809413,1.5060722966933586,1.2180344962310947,8.313306053813303,1.6772681128723943,2.237904566493197,1.5836669245644246,1.810979822686187,3.0388851875932614,2.1802980850884865,2.441188957116583,2.6259814446203973,2.500480326383919,2.4788064892965918,2.4294390184074777,2.973908307077037,3.1598739662482864,2.8966209391893543,2.177995027979955,2.921871833751162,2.8895808379673995,3.2467946726280474,2.199566475332418,1.649240178977008,2.1865782530685482,1.3553954478659627,2.522863901487844,2.5261222647784107,1.7100952207002447,1.3243158222741587,1.1999829179105292,1.3517488405540568,2.2244563266877093,2.775292445277507,2.925393953868501,2.45604623374625,3.1932137452082037,2.316476431275695,2.967892433137606,2.794642708783042,3.778726935674513,3.613100308199874,3.1125690392273224,9.602322301958925,3.004965157361887,3.114164837616942,3.2592931256709696,2.3667711618163567
/home/elykka/Documents/CMC/data/vhl/pdb/VHL_7.pdb,1.8032459024296412,1.6478542617718543,1.0501375701747815,1.223206330233303,0.9675728674210023,1.3208467039996037,0.8176714542882914,0.0,1.4823600541099844,2.416118450222632,2.002665854823471,1.4591205431879426,1.3078675010398189,1.1472963018774733,0.972586980239954,1.1210643737028976,1.0876538558857816,1.2257331121861623,1.1652308002822398,1.1438810128278065,1.2501724418999152,1.1027330530596442,1.1958189327710753,1.1672801468830425,1.4423240865706517,1.18415629048605,2.2742313714113314,1.7437513863475316,1.1550891378102384,1.351450389653427,1.743707613237615,2.2240309905931794,1.7827856290371558,1.4044298280211835,2.388581307701294,2.1251422052588853,1.4956659599790016,1.5945274792805726,1.4318106891147795,2.0922102586535822,2.3095133249628756,1.4014152583744295,1.5888566022333468,1.7132955072126217,1.8898456050238788,1.520140881220319,1.5750429522843372,1.3757361799013808,1.3976364079822803,2.336649456435758,1.9061851674632744,1.3752265239267742,2.169025880087274,2.127981159208795,1.7305682264299043,1.336863403590041,1.3737715407068158,1.6200410391388138,2.2060419683962524,1.5581154237609456,1.923695999940217,3.0454296423382554,2.238273260632858,2.4096066423754587,2.6494814157992943,2.4890491650516906,2.432490056450082,2.352584991902106,2.966179112946406,3.1017102076030185,2.88768316647998,2.075887005997307,2.7927854795401745,2.7463418715932484,3.124239968817437,2.0222403698539626,1.6491277564943732,2.26536634894002,1.4708977176846643,2.718715574926102,2.3786663268551345,1.9632028738288863,1.3853412115776331,1.4030350037307489,1.2407717378063872,2.2544144210239754,2.7583786563744375,2.8727506555386615,2.642731508309898,3.2956376469348503,2.219537676556424,3.1600537265159376,2.7995810457908457,3.6525404001635238,3.5113893915154826,2.974038147337603,3.295708076100205,2.9022202753297877,2.920225614215702,3.119672851996718,2.275532335180552
/home/elykka/Documents/CMC/data/vhl/pdb/VHL_8.pdb,0.7748351628246221,0.708054087362894,0.9723502858093337,0.7846844215544715,0.8383571304616448,0.9721220815050904,1.582934496000871,1.4823600541099844,0.0,0.9614753796313598,0.7828082079842132,0.8758384525855386,0.8673127410721978,0.9824312598538948,1.5060254607062724,1.0706684630820476,0.9720145132591147,1.425100408074371,1.016576631491708,1.2902964162466017,1.0940815213367288,1.7191482664147548,1.8205497387781069,2.0889493247514053,2.724764266694626,1.4961945422545337,3.5383508162819624,3.083789140155458,1.8136474640443612,2.1173227531366856,2.5469196538265075,3.63383917353335,1.5415465056198214,1.6674722104020439,2.1296141686167154,1.9757997867575336,1.2246704729931772,1.7412802535522718,1.189038050825144,1.1868147920711112,4.119224108334235,2.0567457238494438,1.4806202216165874,2.8900004474776093,1.6054297660858046,2.2863693482322462,1.9729826988612087,2.281890771647809,1.8945249139259341,1.2071555378017282,1.1013106588818329,1.721768219440755,1.1131497941338793,1.0392839497503585,1.4001688604582379,1.3014357998147774,1.1636013877787081,1.053823814917007,1.2177037941938744,1.201948846038862,0.9904519458967609,1.603587375871604,1.081432451652297,1.1248242048059756,1.2332759175104875,1.0855005433214229,1.1163318465941992,1.0846539981647505,1.2848773973740342,1.3859463574027433,1.306680689004703,0.9881180919676154,1.239993328393515,1.442256490571427,1.7771259251640292,0.8886490797698514,0.8425268425768649,1.1385484249247633,1.48703419236714,1.4539543988147021,1.3450422091576701,1.4001470426538036,2.640283262552635,1.3109945953312205,0.9239845961801691,1.1030341181875774,1.3015950763161466,1.4818251864689738,1.291599467574138,1.579153032509118,1.1016987052053298,1.4873318778095455,1.2710632568810571,1.823565821621258,1.791407359770422,1.4176044178397167,1.7515917571727628,1.4598398392509668,1.4911825382421482,1.7051862159468691,1.078847991053415
/home/elykka/Documents/CMC/data/vhl/pdb/VHL_9.pdb,0.8703879951401202,0.9449774843801703,1.4042411242820991,1.2138284589365875,1.4874919899708778,1.4571003047323083,2.4655387106413076,2.416118450222632,0.9614753796313598,0.0,0.775531365281051,1.2707212611799341,1.2658156996214074,1.138211417885306,2.3813119467373345,1.410681399779081,1.3273520345960492,2.041771449417273,1.5373456126455365,1.8452802649767024,1.4195488184516845,2.274439557199895,2.240943801140686,2.9046307958036075,3.3851310355181052,1.9755072196223258,4.0614120151048345,3.6875350235767668,2.621868161689626,2.8524681589013037,3.1118513695235097,4.107825182850272,1.9628686461272795,2.4665250747583056,1.913037290477193,2.1859411429415703,1.4427695385433286,2.2514845832567447,1.3409483479158757,1.19922415606963,4.665885582140305,2.5565823568164294,1.8309854122237872,3.484204942815994,1.5842269747695368,2.8359865422239907,2.3935074392267093,3.078297259019072,2.3370493198391147,1.0239739008813855,1.1866103902582303,2.0556927307999993,0.9983315776923157,1.0240896863115845,1.572144558104461,1.6658784532581101,1.6213585779384954,1.1134717344181864,1.0414582604510039,1.667497020826022,0.9277531133761459,1.0578798194299428,0.92457498351328,0.9432544542240363,1.079131388353021,0.9026629845525569,1.0017961409501426,0.9787152544508546,1.039694622733869,0.947304210518022,0.8773560872331821,0.9389719680501384,1.0430709273239307,1.3061173614109607,1.5615656925540689,0.9455742848323648,1.0724132347382147,1.1419137223108116,1.9826563558028627,1.3636110818218468,1.1992665101435531,1.3641210473895986,3.3201696788817996,1.6164088491477517,1.4338886994837383,1.0451398716726839,1.3373235558092806,1.2115579213097247,1.1505808347376056,1.2861159305761407,1.0045755621954544,1.2554505058034884,1.0893252260574837,1.617825008871057,1.4747099837010125,1.1848880071436139,1.6252176308293118,1.4578194336403636,1.3681387662211872,1.5030618564562588,1.1399521630067897
/home/elykka/Documents/CMC/data/vhl/pdb/VHL_10.pdb,0.8598691407895637,0.861468228596584,1.350403815326977,1.0858829659814169,1.269366140187147,1.1748141729181965,2.3120640346817085,2.002665854823471,0.7828082079842132,0.775531365281051,0.0,1.0039026927969206,1.0410227915569414,1.4388732386952388,2.320725789391502,1.3831142518425927,1.398612571861838,1.9202213002752333,1.3869628519984196,1.8157174872304993,1.6097921447466836,2.3606304632428468,2.568714576443107,2.7581821318436983,3.368402996891881,1.994596653990431,3.80574410201949,3.7234270725699785,2.461783711322433,2.729261667765626,3.0551805977772464,3.953399786564361,1.7494212227345065,2.248971547171295,2.0713235966459576,2.134180844207431,1.361922538966837,2.2897864787282223,1.5603793671431203,1.0037334082276146,4.4899505494638365,2.584358282647606,1.837027917991649,3.502751502747394,1.7595514195068809,2.794754879942325,2.3802334386632755,2.9326156246578514,2.4023118263332437,1.0017572678356061,1.0329701839530436,2.0780536186430263,0.8056529153853086,0.8802345759027764,1.4152952209290497,1.499167397274769,1.3366395036205425,1.0873867355258915,0.9507891185604328,1.3924258765692343,0.8478087959405024,1.1842443136847727,0.8929007579285487,0.827006803011862,0.9200913568173179,0.8770040148829326,0.8782472125076329,0.9227111234279052,0.9752337601970122,1.0413839215137828,1.0188686738442485,0.8645389393066715,0.9684250427557565,1.3172334216650285,1.5899776854507883,0.9112621791393732,0.8509981569399085,1.0653468711893095,1.8240730643717902,1.2320804291859335,1.1331069814305619,1.403955699089314,3.273612791541967,1.6272437294076942,1.123395070466426,0.8778204007314893,1.018836693145717,1.1014866487849204,0.965011165187396,1.1250894427803295,0.9555903525556354,1.1263917030972181,0.9118288629251001,1.434144284441216,1.4890821525659774,1.1883796420293216,1.5611910413704218,1.3601588153437894,1.3564986090481006,1.5278441019758526,1.1715363251487563
/home/elykka/Documents/CMC/data/vhl/pdb/VHL_11.pdb,1.1154380462355165,0.997837557890325,1.0633202514454398,0.8949535410501759,0.8018006620711273,0.7800131959219854,1.2081886169495377,1.4591205431879426,0.8758384525855386,1.2707212611799341,1.0039026927969206,0.0,0.7678487373518192,1.1035002997800216,1.4775125185825433,1.0151223049045985,1.1017058555219632,1.1466397040477223,1.0819958564748284,1.1753706748003627,1.2090176609803291,1.6150675570755,2.2014979950640905,2.0923657029724825,2.49478390866524,1.1974363929754201,3.4338964489851653,2.999821194944218,1.6917820425411458,1.9696095404152278,2.098326394626292,2.936680180914051,1.4647656676229195,1.6888781456722628,2.19532906868312,1.9762297066919976,1.3216633594308873,1.7136462924253748,1.3042726979574468,1.2529830454603146,3.4056289976778147,1.7731589579173062,1.2887115938357887,2.546191259345961,1.395233479408007,1.939789131806137,1.7229828330793342,2.007486645033761,1.7234306658196918,1.1211055587119998,0.875646527996915,1.3609106606041672,1.1212445402854934,0.9818223282743066,0.9947667811487412,0.942355656978747,0.7989145805925892,1.0741861794809555,1.275445522116847,1.1426701939953712,0.9649589405721875,1.98646594948968,1.2929722969322166,1.436792305645446,1.5384933748311138,1.456759944723403,1.410630117017939,1.5123444168447466,1.6918967197695163,1.9736869350675057,1.7410642550882438,1.3060972356652258,1.8499930670621223,2.0156076929619235,2.361300739404431,1.3245360968114477,0.8668052157477192,1.2744122285445965,1.2157423409329042,1.3751956606982956,1.3299773773149135,1.1852418621361553,2.332773738594205,1.1494413252578797,0.8708295400130329,1.12108787225464,1.6249989940296394,1.7906685298332565,1.2957740972556102,1.7679821711538264,1.4685877115031778,1.654479656330123,1.5316868334959344,2.594974828193906,2.5945019664829023,2.0429304410178526,2.4400428947787014,2.100807586118477,2.1928848920309876,2.3784491174022246,1.5912297944467721
/home/elykka/Documents/CMC/data/vhl/pdb/VHL_12.pdb,1.1281580008313965,1.0031324729507496,0.9737273267581381,0.9546402512441065,0.842814570248589,0.660285016567762,1.2611199669534985,1.3078675010398189,0.8673127410721978,1.2658156996214074,1.0410227915569414,0.7678487373518192,0.0,1.0305993228904389,1.0614337786343286,0.7144966991351293,0.9849075120334598,1.008444495548868,0.7954332046046341,1.0163462953137739,1.158939140545966,1.5082517771072124,1.9791514645083068,1.8238295761894514,2.2361044150972593,1.3015146170003968,3.1998433514720133,2.836011007448467,1.6669358984045135,1.8664742562377825,2.0953102505949843,3.0118956007678097,1.4447348634432455,1.7772103377132888,2.2630422643804424,2.0693220001592465,1.4341845259650634,1.7954776355988669,1.4279885854681111,1.4972855074572287,3.5429920659950223,1.8482152650910013,1.5880089991179511,2.5360645167656024,1.6374315184948771,2.0930252024617304,1.9664791960152166,2.06747395335743,1.8213650024817374,1.2167156248691802,0.9268493029261093,1.1653866754856441,1.161359480570952,0.9984031146561835,1.0835249374987583,0.9747687833137686,1.0538604934289653,1.1639189726709218,1.390607855010488,1.3882179849192358,1.0943144848177992,2.027988761769853,1.308610229691104,1.4566451842960246,1.6380420363125658,1.5738056240948237,1.4623620074543275,1.576885544193986,1.802034663440048,1.9623986254339594,1.7776853016281469,1.4135631628313001,1.9599827307544495,2.1445162447023454,2.4374033938966284,1.445433850200143,1.0560025469039211,1.3847461902074156,1.4321108848649369,1.5508662857520097,1.4722382512948322,1.302262792676704,2.2713286041890868,1.2628484585772064,1.0140946510557607,1.1502071017158138,1.7998240702672041,1.8105771698234348,1.4117762065851014,1.878485130349877,1.4738613344152445,1.6628630376291795,1.5712460119282958,2.733574466027078,2.6532594782207517,2.094332426647013,2.594508275740307,2.2509387762292663,2.2606397143647747,2.4335652069652634,1.755564993384606
/home/elykka/Documents/CMC/data/vhl/pdb/VHL_13.pdb,1.001470304174025,1.0079489183791914,0.9422921136096051,0.8942352734177248,0.8821231729036464,1.1342274534455052,1.1645595518146437,1.1472963018774733,0.9824312598538948,1.138211417885306,1.4388732386952388,1.1035002997800216,1.0305993228904389,0.0,1.1489915241384387,0.8203018398616461,0.7488325642444353,1.0901538271278892,0.9493438887495319,0.9512402420468319,0.7776956295658456,1.0147199833333123,1.112550958347789,1.7472806068983655,1.8376363148000148,1.0133351249875007,2.840156337336641,2.381235986593703,1.4654478979032042,1.5099331314540605,1.9653799064722126,2.980422746370838,1.6072152234120116,1.513866789771552,2.0265607604536586,1.807797067152513,1.2034553504277195,1.4647645373711335,0.9955079351016464,1.4957963730786463,3.518911146264298,1.382349666044141,1.137550989456056,2.0225672602453684,1.280489871358568,1.6319001642601714,1.4979868471585893,1.5882964464070382,1.2252231620315455,1.4143445796448109,1.3072842707542525,1.390320677068122,1.4425110898968683,1.419428672043342,1.4392454094425537,1.220427388563073,1.2081902339920174,1.1758725817045177,1.5077132136122093,1.3605185245626086,1.0985937533672168,2.0900918822135517,1.3952347413130222,1.6437251285025574,1.8285137210834461,1.5545509536474313,1.6242720655093261,1.535234933323495,1.9519078405997807,1.9042593420890088,1.772542280512126,1.2992022060339314,1.8821091635247027,1.8977105895852455,2.282713856465483,1.2110933469962357,1.1205380567701806,1.4733667984243886,1.4127278387073454,1.8154391798901839,1.60868874869365,1.3441205930958726,1.6198146221947094,1.0040820446396201,1.1192493074022107,1.4160341359004738,1.9565565584916889,1.9893739778854147,1.8416902435970008,2.2855140008416166,1.4809134538608093,1.9969606508926074,1.8580034169484732,2.7263835440558752,2.508460630104603,2.021740109779441,2.460089090517429,2.117027708809829,2.0738979203511794,2.2571822431624944,1.362698503157222
/home/elykka/Documents/CMC/data/vhl/pdb/VHL_14.pdb,1.8148962533478734,1.54113546140147,1.1826692159536445,1.275607577064731,1.0697346552010267,1.2544664466986937,1.198706699660051,0.972586980239954,1.5060254607062724,2.3813119467373345,2.320725789391502,1.4775125185825433,1.0614337786343286,1.1489915241384387,0.0,0.7857871555598732,0.9305384233524875,0.809018033538765,0.7692443439994309,0.8375246737009486,1.1911485287433556,0.9854451934194114,1.5396940503136787,1.0669482223540991,1.3446277497606922,1.2779330799340134,2.3733325007635746,1.9444604529576244,1.2324084456752826,1.2944504424245709,1.4768515031898686,1.8450074319069307,1.3480454587718977,1.362765052985687,2.1260568764852605,1.8271927859476178,1.3508213271275473,1.3054470825821478,1.2761086708578533,2.1202897141048873,2.321874139274963,1.4815847429490416,1.6534133004638512,1.7019656578969053,2.0487781104197804,1.6025736742130927,1.6645010750506952,1.4955553460841096,1.4417928638177597,2.428917678838095,1.802848779360407,1.2594102966275176,2.102615589128098,2.051382434630029,1.5447538437521282,1.2067077506574353,1.2941255256573938,1.4843176959077615,2.0829389190558585,1.5000240244968055,1.8739149663921524,3.0392711442918228,2.0998347972410696,2.3380246348192344,2.655348734709296,2.5195985347841816,2.481297936760194,2.2900885157960995,2.992835032296828,3.126258143361678,2.920520297738436,2.0042569206962777,2.8137760429490606,2.7947876930125886,3.160568545846722,2.073005801483792,1.6390319252071694,2.2364417867650745,1.375986235778897,2.7147872299012676,2.6724400869431824,1.8930128978922593,1.3484429976441823,1.410406408033774,1.3121677738876771,2.224857344732426,2.8186936343846996,2.8728991982835046,2.66766044809952,3.3227037802036894,2.240286979410166,2.974118757896933,2.8654335594905675,3.7107350530771135,3.6001652638095085,3.0440933104798003,3.3313718227515876,2.9914781100430394,2.946174255725056,3.1439072390357645,2.2970538154667968
/home/elykka/Documents/CMC/data/vhl/pdb/VHL_15.pdb,1.1123630473024992,1.0305733162044144,0.9150262850019711,0.9190249029214942,0.7491513711202306,0.911167756695598,1.156345075522438,1.1210643737028976,1.0706684630820476,1.410681399779081,1.3831142518425927,1.0151223049045985,0.7144966991351293,0.8203018398616461,0.7857871555598732,0.0,0.6195711434283335,0.7343473869448418,0.6777434074414324,0.7172411158492364,0.9232091579037999,1.0837344552293078,1.5369968584595652,1.4764010943100236,1.7387228120121936,1.0286486026917876,2.8540395643862206,2.4097934056573593,1.3932283294872874,1.461329778587186,1.7373211169263327,2.7257649614971635,1.368561212533925,1.4469531272644038,2.0655179728248125,1.8535323118502298,1.2125783085063793,1.425645643905928,1.1552313027599468,1.547681914214924,3.239505459140296,1.5285152166476685,1.3744722765942186,2.1104196106811424,1.4794440171644856,1.7272307878694944,1.6409846126701662,1.6658197526353218,1.499017345798973,1.3977073544263239,1.069381729687292,1.166930987226765,1.3502996608499152,1.191168861614446,1.2461877983483407,1.0463977767231298,1.122892971523638,1.2807528131910233,1.5392379180894444,1.3899336528589405,1.1778953447288167,2.20421548079287,1.416489945568932,1.631052668869407,1.8504420330489044,1.720337900614456,1.665414934072004,1.6467903661607766,2.0238434109892545,2.165842950035366,1.9734695498975532,1.4667116593853455,2.143143195042487,2.22813445912347,2.5457947123702542,1.4842582386521446,1.1381081570550864,1.4272618826465415,1.312235740098477,1.720678969417402,1.6000111194156394,1.3426570354120182,1.7341843058798194,1.2149164643698738,1.0755547961534637,1.3521687890962617,2.032387085362441,2.020899833651477,1.6588786513110896,2.3394890593464317,1.6301732858458766,1.9047458320550195,1.8675387597774673,2.956072953398177,2.857393233016359,2.2598776824392175,2.710343938662323,2.3580829196508684,2.3319246450449787,2.5040232122130823,1.7303892057412467
/home/elykka/Documents/CMC/data/vhl/pdb/VHL_16.pdb,0.9445297991979774,0.919037418329939,0.9939392453600515,0.8921432921765489,0.8233034448436615,1.166549683456594,1.238264791300344,1.0876538558857816,0.9720145132591147,1.3273520345960492,1.398612571861838,1.1017058555219632,0.9849075120334598,0.7488325642444353,0.9305384233524875,0.6195711434283335,0.0,0.9218661660666064,0.7497887451379186,0.775649366901712,0.8064293736674788,1.0283225514086425,1.2095348805087915,1.5323590258614483,1.8247093151452087,1.0374275015452994,2.8111656352572814,2.1601838763987686,1.3142129682778845,1.4414096406794592,1.8074172805457598,2.860319940053453,1.3242519517837799,1.2348792686954757,1.8739315408356676,1.6646124816624364,0.9785473247498889,1.1650029823897317,0.8405393357307137,1.3639199383144371,3.3040633236327515,1.4522974814288352,1.2412757005257877,1.8684955212399688,1.3304092916218047,1.599732826100471,1.4083821291060077,1.5778172960649501,1.287068149270688,1.4750808071271566,1.2736374797659187,1.378048623143507,1.3804856252689282,1.328284822441377,1.384351734790651,1.1486767648576899,1.1157254221482755,1.1632232034435472,1.4353531650380429,1.2107631088823823,1.1621130393090315,2.1067733989572077,1.369846086175545,1.6097915665314912,1.7974938463910202,1.5869392080613007,1.570993644559779,1.4263835718157964,1.9117565413882545,1.9739518887926286,1.8101093526555863,1.2622740963288825,1.8713340388401432,1.8797039152799273,2.2121211901438467,1.1792418576817032,1.059290201842554,1.3616463101517322,1.262146812974598,1.7000812437175545,1.585936707599712,1.3466718169324516,1.541466738593363,1.1733395408312324,1.054401284902517,1.3689521236089996,1.9338375362818807,1.9173474734488325,1.8238328178393963,2.4066760535212155,1.428147414847752,1.901217454204853,1.8193938881037042,2.714564354414197,2.5211371907029356,2.010205138749477,2.4175277041351286,2.0455572301037663,2.003462832810597,2.2005299067322417,1.3541896922989818
/home/elykka/Documents/CMC/data/vhl/pdb/VHL_17.pdb,1.6466914031081994,1.3094395448352825,1.1360324449018055,1.125903853507188,0.9691063984545809,0.9614906601417704,1.1294247478670174,1.2257331121861623,1.425100408074371,2.041771449417273,1.9202213002752333,1.1466397040477223,1.008444495548868,1.0901538271278892,0.809018033538765,0.7343473869448418,0.9218661660666064,0.0,0.8400040153370726,0.9260459255699071,1.2435403413377766,1.0703787345519387,1.7525091517812164,1.4474541266015604,1.4384193602413775,1.1315340190655931,2.5538140895445416,2.198909529665693,1.3813812859067778,1.512900740494426,1.4741277032508662,1.8979065554306471,1.3000246130094832,1.4685249254174078,2.029800875753562,1.6888641259628971,1.2750770370539934,1.4225313137268782,1.2815902068481506,1.8932167357006249,2.5952582443990884,1.409258804480252,1.4613010882315989,1.7017084233691506,1.6564197833194296,1.52399493695961,1.6350020149663904,1.5034777167853741,1.4275712070683682,1.7307575418565297,1.199866872689808,1.1191708319942288,1.635129054498029,1.440350926417774,1.1731744015051258,0.9854548728868903,1.0119485912714754,1.303580019404389,1.744005861044761,1.3131075177826088,1.4596970713265998,2.705940852097787,1.7687110809239968,2.0051232341122756,2.239850874295327,2.198528956108254,2.111751484613526,2.080840125922727,2.6268235704039995,2.860500152563478,2.603042809825693,1.8817485762418813,2.650668783289679,4.271274209985467,3.0144210512429126,1.9600299393333618,1.4425782919442762,1.8282381855776348,1.1220469883328918,5.457384015004012,2.17234036335477,1.3412812685274556,1.4862890042501413,1.2722231151177292,1.3333922036987635,1.7962308416054027,2.489529702990603,2.5176385404985844,2.0234658351841888,2.8359358208959407,1.995435405999203,2.6069870252701084,2.423202486778303,3.50581718316957,3.3704580945395977,2.8102709317990247,3.1634514859026384,2.808338609248682,2.8525740490245926,3.0271682213420643,2.209038936922566
