,6J6Y_1_ms_1K0.1.pdb_ringEdges,6J6Y_1_ms_1K0.2.pdb_ringEdges,6J6Y_1_ms_1K0.3.pdb_ringEdges,6J6Y_1_ms_1K0.4.pdb_ringEdges,6J6Y_1_ms_1K0.5.pdb_ringEdges,6J6Y_1_ms_1K0.6.pdb_ringEdges,6J6Y_1_ms_1K0.7.pdb_ringEdges,6J6Y_1_ms_1K0.8.pdb_ringEdges,6J6Y_1_ms_1K0.9.pdb_ringEdges,6J6Y_1_ms_1K0.10.pdb_ringEdges,6J6Y_1_ms_1K0.11.pdb_ringEdges,6J6Y_1_ms_1K0.12.pdb_ringEdges,6J6Y_1_ms_1K0.13.pdb_ringEdges,6J6Y_1_ms_1K0.14.pdb_ringEdges,6J6Y_1_ms_1K0.15.pdb_ringEdges,6J6Y_1_ms_1K0.16.pdb_ringEdges,6J6Y_1_ms_1K0.17.pdb_ringEdges,6J6Y_1_ms_1K0.18.pdb_ringEdges,6J6Y_1_ms_1K0.19.pdb_ringEdges,6J6Y_1_ms_1K0.20.pdb_ringEdges,6J6Y_1_ms_1K0.21.pdb_ringEdges,6J6Y_1_ms_1K0.22.pdb_ringEdges,6J6Y_1_ms_1K0.23.pdb_ringEdges,6J6Y_1_ms_1K0.24.pdb_ringEdges,6J6Y_1_ms_1K0.25.pdb_ringEdges,6J6Y_1_ms_1K0.26.pdb_ringEdges,6J6Y_1_ms_1K0.27.pdb_ringEdges,6J6Y_1_ms_1K0.28.pdb_ringEdges,6J6Y_1_ms_1K0.29.pdb_ringEdges,6J6Y_1_ms_1K0.30.pdb_ringEdges,6J6Y_1_ms_1K0.31.pdb_ringEdges,6J6Y_1_ms_1K0.32.pdb_ringEdges,6J6Y_1_ms_1K0.33.pdb_ringEdges,6J6Y_1_ms_1K0.34.pdb_ringEdges,6J6Y_1_ms_1K0.35.pdb_ringEdges,6J6Y_1_ms_1K0.36.pdb_ringEdges,6J6Y_1_ms_1K0.37.pdb_ringEdges,6J6Y_1_ms_1K0.38.pdb_ringEdges,6J6Y_1_ms_1K0.39.pdb_ringEdges,6J6Y_1_ms_1K0.40.pdb_ringEdges,6J6Y_1_ms_1K0.41.pdb_ringEdges,6J6Y_1_ms_1K0.42.pdb_ringEdges,6J6Y_1_ms_1K0.43.pdb_ringEdges,6J6Y_1_ms_1K0.44.pdb_ringEdges,6J6Y_1_ms_1K0.45.pdb_ringEdges,6J6Y_1_ms_1K0.46.pdb_ringEdges,6J6Y_1_ms_1K0.47.pdb_ringEdges,6J6Y_1_ms_1K0.48.pdb_ringEdges,6J6Y_1_ms_1K0.49.pdb_ringEdges,6J6Y_1_ms_1K0.50.pdb_ringEdges,6J6Y_1_ms_1K0.51.pdb_ringEdges,6J6Y_1_ms_1K0.52.pdb_ringEdges,6J6Y_1_ms_1K0.53.pdb_ringEdges,6J6Y_1_ms_1K0.54.pdb_ringEdges,6J6Y_1_ms_1K0.55.pdb_ringEdges,6J6Y_1_ms_1K0.56.pdb_ringEdges,6J6Y_1_ms_1K0.57.pdb_ringEdges,6J6Y_1_ms_1K0.58.pdb_ringEdges,6J6Y_1_ms_1K0.59.pdb_ringEdges,6J6Y_1_ms_1K0.60.pdb_ringEdges,6J6Y_1_ms_1K0.61.pdb_ringEdges,6J6Y_1_ms_1K0.62.pdb_ringEdges,6J6Y_1_ms_1K0.63.pdb_ringEdges,6J6Y_1_ms_1K0.64.pdb_ringEdges,6J6Y_1_ms_1K0.65.pdb_ringEdges,6J6Y_1_ms_1K0.66.pdb_ringEdges,6J6Y_1_ms_1K0.67.pdb_ringEdges,6J6Y_1_ms_1K0.68.pdb_ringEdges,6J6Y_1_ms_1K0.69.pdb_ringEdges,6J6Y_1_ms_1K0.70.pdb_ringEdges,6J6Y_1_ms_1K0.71.pdb_ringEdges,6J6Y_1_ms_1K0.72.pdb_ringEdges,6J6Y_1_ms_1K0.73.pdb_ringEdges,6J6Y_1_ms_1K0.74.pdb_ringEdges,6J6Y_1_ms_1K0.75.pdb_ringEdges,6J6Y_1_ms_1K0.76.pdb_ringEdges,6J6Y_1_ms_1K0.77.pdb_ringEdges,6J6Y_1_ms_1K0.78.pdb_ringEdges,6J6Y_1_ms_1K0.79.pdb_ringEdges,6J6Y_1_ms_1K0.80.pdb_ringEdges,6J6Y_1_ms_1K0.81.pdb_ringEdges,6J6Y_1_ms_1K0.82.pdb_ringEdges,6J6Y_1_ms_1K0.83.pdb_ringEdges,6J6Y_1_ms_1K0.84.pdb_ringEdges,6J6Y_1_ms_1K0.85.pdb_ringEdges,6J6Y_1_ms_1K0.86.pdb_ringEdges,6J6Y_1_ms_1K0.87.pdb_ringEdges,6J6Y_1_ms_1K0.88.pdb_ringEdges,6J6Y_1_ms_1K0.89.pdb_ringEdges,6J6Y_1_ms_1K0.90.pdb_ringEdges,6J6Y_1_ms_1K0.91.pdb_ringEdges,6J6Y_1_ms_1K0.92.pdb_ringEdges,6J6Y_1_ms_1K0.93.pdb_ringEdges,6J6Y_1_ms_1K0.94.pdb_ringEdges,6J6Y_1_ms_1K0.95.pdb_ringEdges,6J6Y_1_ms_1K0.96.pdb_ringEdges,6J6Y_1_ms_1K0.97.pdb_ringEdges,6J6Y_1_ms_1K0.98.pdb_ringEdges,6J6Y_1_ms_1K0.99.pdb_ringEdges,6J6Y_1_ms_1K0.100.pdb_ringEdges,6J6Y_1_ms_1K0.101.pdb_ringEdges
6J6Y_1_ms_1K0.1.pdb_ringEdges,0.0,25.844094237998405,23.274036994148364,28.49774895953358,23.978897622119096,26.11333441776372,26.523804769515444,24.53154109973889,25.28826327274414,24.873685882405073,24.985821415763933,28.47519811574051,25.34582751792842,25.17711821864269,23.142580935778877,23.817510689854746,24.014293333123,25.70401251461763,28.399483680459873,27.285943144169153,25.244697722339005,25.500789680208207,26.32889994983795,27.177462424597287,23.37669406559465,24.61090729950314,25.593328307692524,28.030816671866145,26.935371066013534,26.53309231000357,25.365261850179635,25.440125785852526,26.021130872241564,24.708010553991564,27.56315803383211,26.523804769515447,26.105406898316723,25.381223055450313,25.861283514887763,24.76887677828476,24.708373897291942,24.61895140089844,23.04098051391028,24.92390413852199,23.522006462670745,22.651363960627336,24.638959073779887,24.819668815271278,24.995680424830372,25.14143533240624,26.587961575647885,26.74346588572704,25.602602735521174,25.00395978615247,26.45017901782163,23.98715366914405,27.42129067066112,25.73534980190541,25.33191140954126,27.168395163509327,25.526320092335247,26.953659317863323,25.475390305585975,25.304273046542235,24.85739878414902,24.167969982340892,23.615202846604625,25.52632009233524,26.597226713097903,27.31157619973103,27.016795367330268,26.9280189484629,25.517017938794822,29.23237367753329,22.469308521545738,24.796749847359383,26.022990027571026,27.649895266156523,26.653442273699003,28.58027152074486,24.776869593088563,26.1800022670595,25.347382025785148,24.48051798060046,25.090082093356536,25.795319415363853,29.37388189626728,24.18635051267953,28.429235768554147,26.29643025942924,24.114171493810783,26.113334417763728,25.37342061716276,27.066759619674187,27.366324391908947,26.105406898316712,26.8980712024852,26.71135075864978,26.004047258368463,26.879745130011234,25.51666611014372
6J6Y_1_ms_1K0.2.pdb_ringEdges,25.844094237998405,0.0,22.4297184406466,24.201296311192586,20.79809122260357,23.355989475700365,23.227080248232966,24.52310224341318,23.114806171351532,25.14179241195393,22.975537245529146,25.124110882395847,22.534075056530845,22.822900517461054,25.88832722066623,22.326415474280093,23.86000315640047,23.513587094589834,24.86536314412632,22.169309963086366,21.332447508624714,20.39781417070572,25.278873518890013,23.643149192538772,24.610907299503136,23.97725439201807,22.31537720609654,23.188009628333553,24.13079488631458,23.237685447084758,27.08921254686035,24.265221975210387,23.93497008599458,23.105849892437828,21.782923600804892,22.06062831597867,24.488604912766363,20.272458375306954,22.46755488351791,22.75683011116066,25.149666710730912,23.84302362455517,22.709023550638197,22.565106689316764,25.52477648215238,25.141792411953933,23.843023624555176,24.388644592051552,22.003876330457857,21.63508280501946,20.8916454086388,26.75120432183059,22.805148825815188,25.577499463454032,25.131633502296758,23.35767641229635,23.411146821786005,22.611695603268274,25.114302290749013,22.642620857615942,21.179602477318973,23.21816727846047,23.095184155404976,22.64262085761594,25.10605931769937,21.906033739918843,21.454051114578146,19.938984233639538,23.42205197465075,22.98454430281312,22.690962969842246,21.74547850500122,19.70938482992466,23.385546615884124,24.39874490864655,24.328815668265634,21.10881438849136,23.530804344883872,26.06948321528868,22.737294004638397,26.636764198801295,24.08714436563147,21.69502971222816,21.55618998532187,21.19123236569918,25.80334220266686,23.87032715953513,23.87032715953513,25.381223055450317,25.245053341288212,25.022085008140547,22.04226273850794,23.207939994816243,25.28670513054441,21.191232365699182,22.227816142703148,21.846665832113803,22.4785184236793,20.778801781894714,21.46369666004003,25.928945686990463
6J6Y_1_ms_1K0.3.pdb_ringEdges,23.274036994148364,22.4297184406466,0.0,24.022744833317496,20.252471294047268,22.393755809418593,24.12258800108983,25.845966127952742,25.280432143785784,22.81422315256124,24.258684847363206,24.987757600977037,26.24534158878901,21.83718944582308,23.302007234294884,25.62991939276827,22.051650997616882,23.385546615884135,25.78967297040034,25.02999696623382,24.768876778284763,23.661768778889602,23.945261767148327,21.45630600386912,20.987087824698197,22.871079648527218,23.761470520503497,24.122588001089827,25.201254768270186,24.77082992074735,22.404755462438548,25.432341418456463,24.0600868774123,24.060086877412303,22.119827825785464,24.6028605680249,23.66176877888961,24.27358610802367,24.531541099738895,24.6028605680249,24.70035891790472,25.390928535016645,22.209588816803215,23.706370872618265,22.748127543452146,25.485412188425826,24.630921506600963,21.78514444990533,21.9854633452138,23.27403699414836,23.28292857636831,22.824626853958485,21.61635568077341,23.125462858480297,23.79052389989384,20.45382854734996,25.41486202933381,22.65136396062734,21.111106152746192,25.602953383255137,22.238897871828424,22.748127543452142,21.82590375707193,23.28292857636831,21.924331443100655,23.248285808150563,23.934970085994575,24.01630784267252,24.839514815296823,25.602953383255137,23.606816717025207,23.99779707263045,24.168341444533375,25.9635462843743,23.144671319200327,22.901262638202702,24.681997437529915,23.678878284411592,24.89969904374,25.534427397998165,24.925845133334423,23.15531426160342,25.10146988771154,24.945966545371448,21.374910129457685,25.400630306158213,23.853354976625333,20.687075970746825,26.937167122185983,24.35756090143942,26.647977657168585,26.105750792476766,25.246614054106463,24.24035916542547,23.843023624555176,25.797194844505576,23.964187744723116,22.805148825815195,23.293508348294562,25.141792411953926,26.113334417763724
6J6Y_1_ms_1K0.4.pdb_ringEdges,28.49774895953358,24.201296311192586,24.022744833317496,0.0,24.14100308448649,22.22781614270315,21.85554478628332,26.00404725836846,25.44202739768859,27.15348450380269,26.20487095647268,24.240359165425478,26.122767894956386,25.94011903521447,24.55968352529898,24.708010553991564,24.917539816837653,26.105406898316716,28.14098811289457,25.60260273552118,28.314725687759474,27.351521633372556,29.017906587883637,25.023659627383257,26.808566762703347,26.097820969414663,25.612574841763497,26.376347751314114,23.376694065594656,23.39607998369578,26.122767894956386,27.02591349057417,24.54964942281339,24.54964942281338,21.435165830116357,23.385546615884135,22.566852746733804,25.938446224064812,24.07854976121881,26.81628641250695,27.00213347071067,26.549835509585247,24.76088138339974,26.393190386027907,25.688251872972508,25.897842658493552,26.105406898316712,23.46035016629517,24.596210400888733,27.303996583402085,23.89743253564094,27.83902784440747,25.602602735521177,27.961159380741186,23.489775989988697,25.254455669684685,23.274036994148354,23.943241280004624,25.280432143785784,24.134597634775634,24.18635051267953,27.00194876129738,24.87526989540166,26.459492401680958,27.689676857789024,24.80509560714893,23.94324128000463,25.238414294676375,21.465532308953637,25.477289285296465,25.16102753730789,24.98156926601124,24.443818224175978,25.990138164225094,24.25015103945557,25.57110276773576,27.462983474972855,27.09797500509138,22.88145749852611,23.237299107801565,26.696334286548606,24.31394825610389,24.796749847359383,26.25472763507591,25.501141727899803,24.648956820100935,25.083402029162773,23.71842302983996,27.25056909881837,25.10146988771154,28.567931029246214,23.256801220127365,27.23280990206654,23.781822098908624,25.535970424798013,26.842033512613533,25.323739269183076,26.6139295648499,23.96216885341558,23.144671319200334,24.91753981683765
6J6Y_1_ms_1K0.5.pdb_ringEdges,23.978897622119096,20.79809122260357,20.252471294047268,24.14100308448649,0.0,20.33642237004746,23.422051974650742,23.796644705753568,23.051671330343783,22.24820315533136,20.45382854734996,24.752883405933332,24.390260105827572,22.7589559253707,23.843023624555176,23.853354976625337,25.00395978615247,25.278518375724072,23.237299107801565,24.75892745613294,25.123753551543654,22.947169075477536,25.06603746933216,24.953902637821074,24.231818903696535,24.960097832150463,24.167969982340892,22.440300405615417,24.21147478411723,22.664373264252106,23.136114637050706,23.218167278460463,24.899699043740004,21.343994115161053,21.170251560201017,23.125074644349418,21.446657134490415,23.906092254544483,23.347125718206616,21.455887588712113,23.22877654656768,22.489476619154352,23.908115881171604,22.304333475147217,23.46878863299613,24.186721692581923,25.60449228041155,22.05165099761688,22.730317456446173,23.97889762211909,21.35326894794077,25.19339659355598,23.39607998369577,25.501141727899803,22.870687116417304,21.0681118436929,24.943667205642278,23.54127271829216,24.17853379052068,22.72858395673394,22.805148825815188,23.96216885341558,24.488604912766355,26.393530530517037,25.663232381353488,21.994875848502105,22.890501574761064,23.47928465648067,25.501141727899803,24.62932177855938,21.018101686492518,23.331632760734816,22.48947661915435,23.798845295654214,22.758955925370707,22.3374482877963,23.50516471075664,25.159461515315602,25.40671657028495,24.558079156772884,23.761092697612575,24.18835069257371,22.337448287796306,23.155314261603422,19.051341579009577,25.133558454753327,24.69999545670193,23.644815641767348,26.898071202485202,24.875630795646074,26.39353053051704,22.653103369501626,24.700358917904726,23.543327702381927,24.84748490762018,25.756368604498025,24.64932103388286,24.016307842672525,21.72684653485467,23.404925201563277,26.302309239336655
6J6Y_1_ms_1K0.6.pdb_ringEdges,26.11333441776372,23.355989475700365,22.393755809418593,22.22781614270315,20.33642237004746,0.0,20.74743021073035,24.750928847277454,23.708032877964424,24.014293333122993,23.256801220127358,23.85335497662534,26.896606317925034,22.290286177062878,22.257101195258088,24.205087983506182,24.076913332297636,26.879745130011237,25.5521763400052,25.09797261585949,26.734251429603294,24.22164897982267,25.670946734283337,23.237299107801558,25.89784265849355,24.06831507446439,26.401371535445218,24.35379296783559,24.076913332297643,23.16386385145357,24.078922602884656,24.637359867625452,25.544074667590532,24.451917293979626,20.49531300960284,24.829593798118207,24.0600868774123,25.167330285823116,25.227088318658684,24.105958949144796,24.328815668265634,23.623966021258262,22.97553724552915,25.294534317400732,25.645715882816436,24.813076755107605,24.699995456701927,22.257101195258084,22.92968760288905,25.66134716172579,23.85170309743893,25.52667178792756,24.805095607148928,25.099542474295248,22.59609570583226,21.646467981170726,24.93414768341306,23.73383161422251,24.00604661984587,24.051648498828953,23.924673977666966,25.339726629068213,24.355574617787035,25.8553042547315,25.53632198748241,21.527967079674287,22.918939885742603,25.19511887176943,22.899150034863766,25.551824995457807,23.42390449403418,24.93782792958089,23.788490270016766,26.47479392208665,23.295371089863803,22.366589797108503,25.09954247429525,24.716386277598108,24.248526191170647,22.507477283468134,27.454010513344517,24.215264862666192,23.972448857790894,24.41893300856544,22.304333475147207,25.467616717056213,26.484098649883414,23.50701068026713,29.292250002764167,23.817510689854746,26.59885809335285,23.153612581217132,25.46761671705622,23.44286842091849,25.029996966233828,27.613560584965303,23.909555263904526,25.99810083222987,25.444085683304674,22.10128577521463,24.558079156772884
6J6Y_1_ms_1K0.7.pdb_ringEdges,26.523804769515444,23.227080248232966,24.12258800108983,21.85554478628332,23.422051974650742,20.74743021073035,0.0,24.310542852136905,19.895888621519262,24.15940413131186,25.544074667590525,23.978897622119096,27.026245671795,25.579195879569493,23.68928122353609,24.328815668265637,23.89743253564094,25.594867783558758,25.839983323419776,23.716761752607038,26.02908405913671,25.13355845475333,26.6796830244343,23.553409355533336,24.060086877412292,24.849070590807443,26.088722590116184,23.41153029221799,23.89743253564095,23.293122934888945,26.73606099645166,24.302027254496753,25.812888968647613,24.73260491003544,20.28416578383577,25.871155912123935,24.977895464698086,21.089194264201183,22.679926198492723,24.390628182606196,24.630921506600963,23.77145965784049,23.606816717025204,23.76109269761257,26.45949240168095,25.804869149454092,23.27403699414836,24.01630784267252,23.56219551223118,24.610907299503136,25.19339659355599,26.3441258648118,25.081831160505175,26.506706439772714,23.845052603545128,23.924673977666963,24.44381822417597,21.55618998532186,26.097820969414663,23.376694065594645,25.314008029029388,26.21276839505257,24.338940813031456,22.082954011077423,26.550173647233514,24.303812699259694,22.70862821729267,22.815950145619194,23.861654460995766,25.688251872972504,22.901262638202706,20.051256016280455,23.77145965784049,25.169252508178456,23.699679596306357,20.781129940309047,23.861654460995766,22.633477731326728,24.07032506279107,20.580624255913406,28.077111488295643,24.01630784267253,23.0145784871816,23.479284656480676,24.54158260601746,24.10759340644297,24.709968507484916,23.655233560735898,27.55740324877255,21.467367800903094,26.565084992304794,24.26721565427256,25.19511887176943,21.050941656809627,22.975537245529154,26.34577291755624,22.778473453412747,24.328815668265637,25.254811151229934,20.708546310021696,24.541582606017453
6J6Y_1_ms_1K0.8.pdb_ringEdges,24.53154109973889,24.52310224341318,25.845966127952742,26.00404725836846,23.796644705753568,24.750928847277454,24.310542852136905,0.0,22.2662196758535,25.45984075503653,23.579208052203036,26.719434491604066,26.677869633453675,26.48409864988341,23.77145965784049,23.61725139788754,25.227088318658677,26.791985253345075,27.98585321282654,27.111315744472964,25.365261850179632,27.867964428650104,29.239623988221314,26.905765172193952,24.77882210553307,25.946424755753604,25.133558454753334,28.291711641944207,26.385687195486373,24.48051798060046,26.220511283536666,26.879745130011237,25.988468572678844,24.194741911407114,25.896321193782903,25.37306679735898,26.937167122185983,25.501141727899807,24.558079156772887,25.678658769676332,24.84748490762019,25.51856201828966,24.62128106530521,25.508905100013504,28.97994835198622,27.170175815870884,26.646012367000484,27.704298936286417,26.8980712024852,25.003959786152464,26.442352485880114,26.17093245827629,25.26249228024573,25.73910926267475,25.449808802421273,23.699679596306357,21.953612396525028,24.531541099738888,29.425403380238883,26.914920909804767,25.236853074763616,29.469202826204317,25.897842658493555,25.577499463454032,24.71834356764583,24.77082992074735,25.314008029029385,25.998100832229866,25.28043214378578,27.70604514642714,26.888909727509652,25.56146569894424,25.518562018289654,25.635951221136068,24.883589320199725,25.822432205110537,25.177474792117835,28.709517741988538,28.445178493922672,25.812888968647606,27.225208356866833,28.279245229022475,24.49866401772483,23.890961781871432,26.533092310003568,28.476721910589802,30.62916316046232,26.147691019206807,30.244737387698894,27.550361955703462,23.828229868233294,24.648956820100942,27.105943436376798,26.05595360382128,28.590583176704147,28.348120927139927,26.476621221781567,28.48215086164903,26.055609052414567,24.698400202615904,25.09165244546259
6J6Y_1_ms_1K0.9.pdb_ringEdges,25.28826327274414,23.114806171351532,25.280432143785784,25.44202739768859,23.051671330343783,23.708032877964424,19.895888621519262,22.2662196758535,0.0,24.427040329353638,25.594867783558758,25.68656265923648,27.76747051772302,26.752677168104995,26.888909727509652,25.47728928529646,26.6367641988013,26.670446531779096,27.19413901941887,26.474793922086647,26.228061726805812,25.493023836711703,26.286907316368552,26.47628214477015,25.528215283507304,27.91608372736611,26.85583568285369,23.960357950523317,26.782787490021644,23.680542219309462,26.491762235347114,26.187907205244993,28.2474812948207,25.013811646115247,24.105586525650743,26.95399238954518,25.256371261066125,22.382349654579375,23.887120247441086,24.443818224175978,25.74680088109921,25.08183116050518,24.151206967871943,23.870327159535137,27.359088083270034,25.296091977352596,23.661768778889602,25.92298203344347,25.907354601423293,25.442027397688587,26.433372694757455,28.914251074720372,25.594867783558755,29.151697144146485,26.589781098250253,26.385687195486373,26.319540354815786,22.65136396062734,27.153484503802698,24.86536314412632,25.211029530248485,26.410362207288983,27.177462424597287,24.86536314412632,26.89070888687952,23.708032877964424,23.606816717025204,24.016307842672525,26.030597763980055,26.905431503490632,24.578136382360725,22.04267002306288,25.39092853501665,24.647358262635002,24.382140555227338,21.93754453782661,23.498203889551036,25.812888968647606,26.351640889252202,23.375008501472017,28.307731820087664,25.569405814678404,22.730317456446176,24.02656468315465,24.80509560714893,24.935727855644632,27.00374038929546,25.435949582668783,27.510233869980937,23.58104822546,27.620730224862115,24.32067560421349,25.553718295059145,23.202588212322823,26.113334417763728,27.12378569859746,24.569713529926272,25.169252508178456,25.30618486691943,22.200447075995196,28.062825846904904
6J6Y_1_ms_1K0.10.pdb_ringEdges,24.873685882405073,25.14179241195393,22.81422315256124,27.15348450380269,22.24820315533136,24.014293333122993,24.15940413131186,25.45984075503653,24.427040329353638,0.0,23.77145965784049,27.28771612597085,26.096311163823536,26.063551718435257,24.39224356500775,27.04268354226482,25.963546284374296,26.246842821656415,26.18975452147767,27.581030019881496,26.816286412506948,26.67044653177909,26.038548059317847,22.99487094496422,22.576022855676968,24.638959073779883,25.75671715888869,25.209466614399886,26.360989086828837,25.099542474295248,23.06923332459355,24.087144365631467,27.689676857789017,24.69999545670193,23.615202846604618,26.497748457495536,24.29188672372944,23.68054221930945,24.53154109973889,25.66941182111296,19.42297274683227,20.84353299780109,24.451917293979626,23.060259345836847,26.557630366305556,24.849070590807447,26.670446531779096,25.467616717056213,26.484098649883414,24.87368588240507,25.16138433881143,25.306184866919423,25.442027397688587,25.577148466761724,25.15159028303349,22.198492456283372,26.18975452147768,23.771459657840488,24.418933008565432,24.569713529926272,25.569561861040647,25.812888968647606,22.4714615354931,24.41045522290653,23.943616228647183,24.196535272678883,26.621705654786158,25.670946734283337,27.98585321282654,25.58677962875696,24.736315141569506,24.639323435346586,24.472061529655004,25.220800503847244,23.14467131920033,24.52523765013317,26.309836208094435,24.961836207156637,24.899699043740004,24.935727855644632,23.070941228676748,25.772087590125786,22.78755840267032,24.805095607148928,21.35553447862706,25.24661405410647,25.822432205110537,25.588826270956332,28.146481821050777,24.638959073779887,27.05000449430911,25.955918895037875,25.838111000030047,22.69269934342917,26.655257326503964,27.53390111704461,27.479160092722893,26.87974513001123,25.896321193782903,24.865363144126317,24.75252071598992
6J6Y_1_ms_1K0.11.pdb_ringEdges,24.985821415763933,22.975537245529146,24.258684847363206,26.20487095647268,20.45382854734996,23.256801220127358,25.544074667590525,23.579208052203036,25.594867783558758,23.77145965784049,0.0,21.775641290578776,23.668470772911764,22.295051618762642,22.480271206464757,21.606778284381576,23.522006462670745,25.500789680208204,26.048008620952302,22.602539967171392,25.347382025785155,20.95371933845427,25.27068422692106,26.073003207520028,26.515999969152364,25.08183116050517,23.79052389989384,25.236853074763612,23.542946378682622,23.562195512231188,25.36526185017963,21.97205207346826,23.598047173949357,21.786540950401932,22.4785184236793,25.390928535016656,22.393354910322167,22.890501574761057,24.698036712588273,21.19123236569918,22.814223152561244,19.095664142088143,22.699907170210157,22.55593214240915,24.33695300968282,23.77145965784049,25.347382025785148,26.04649592794944,22.692699343429165,25.14143533240624,22.633477731326728,23.13402348045004,20.727901130765318,21.221759876818087,24.690018377500163,21.696845789353382,23.274036994148364,24.35342433433087,24.86572418815697,21.29463187362993,24.024551033662963,25.07357751252913,24.239988806858126,24.382140555227334,26.31167496381587,21.717731243711068,21.077508074566495,23.861654460995766,26.46880250850825,23.14467131920033,21.9832627332478,23.678878284411592,20.810365727102436,23.209250885870723,20.175588320784474,24.796749847359376,24.690018377500156,26.565084992304794,24.750566128692324,25.713596159063787,23.997422970538555,25.18690234775428,22.909907036018314,24.797111890394348,22.218906374949057,27.484786088564764,26.799374690289365,25.830099011861954,25.218882210560476,25.544074667590518,22.805148825815195,21.896583046840462,23.36653616753726,26.187907205244983,22.870687116417304,24.796749847359376,25.477289285296457,25.719608363349714,22.96481098639605,23.788490270016762,25.073577512529134
6J6Y_1_ms_1K0.12.pdb_ringEdges,28.47519811574051,25.124110882395847,24.987757600977037,24.240359165425478,24.752883405933332,23.85335497662534,23.978897622119096,26.719434491604066,25.68656265923648,27.28771612597085,21.775641290578776,0.0,25.62668886229523,25.306184866919434,25.29644687379833,24.203295255953922,23.160289343912883,26.211112984577234,26.450518429456746,22.631736814083535,25.911801295626645,25.32202573909068,25.24453966786467,25.169252508178452,26.638580387987655,24.778822105533074,24.2305633343768,24.10415884895095,23.987527931392822,24.47206152965502,27.20160256390948,25.719957415911637,24.839514815296823,24.523468326342343,21.963038549894204,24.742927652723896,24.29387821454699,24.610907299503136,26.136606407751458,24.584791438505466,26.47662122178157,25.21923819353675,23.348813295203318,25.363708438153505,25.491478210308482,27.00034173608429,25.475586083234436,26.580513365491385,23.00597341925744,26.993007314678238,26.416555679442503,24.85739878414902,22.13096362841423,23.56875652827862,26.71943449160407,24.122588001089834,25.39737061026615,25.096243670797406,24.96009783215047,22.96481098639605,25.347736204113286,27.485112723916245,26.580513365491385,25.003959786152464,27.807083903422324,25.211029530248485,23.422051974650742,25.038105622572193,24.382140555227345,23.30200723429488,25.11587112850438,24.62128106530521,23.199019671436755,26.393530530517044,24.681997437529912,26.229906215041527,25.55976810606679,25.946424755753608,24.88184547846007,24.74097230755475,28.01495859780818,23.394225260971915,23.477436506945455,24.576370866902423,25.33801418015064,28.023751949314477,27.20888075647267,25.955918895037875,25.19339659355599,24.302027254496753,24.69001837750016,22.022500395976202,24.32030646873443,25.442027397688598,24.149575462365124,24.612872977559423,24.867308708302428,24.203295255953925,25.442380258477318,24.84748490762018,25.338014180150644
6J6Y_1_ms_1K0.13.pdb_ringEdges,25.34582751792842,22.534075056530845,26.24534158878901,26.122767894956386,24.390260105827572,26.896606317925034,27.026245671795,26.677869633453675,27.76747051772302,26.096311163823536,23.668470772911764,25.62668886229523,0.0,22.525286428329903,23.96862038358212,21.179602477318973,21.24083490194465,23.46878863299612,26.799374690289365,23.190095916757823,25.60106372478296,24.372033357417298,24.611272076366884,24.196906296347333,23.76109269761257,20.903864979288358,23.21816727846047,23.587603997526724,21.963038549894193,23.615583003569963,24.708373897291942,21.35553447862707,21.544757102448155,22.08116968964374,23.68092132736218,21.497688793016696,24.124386726147396,23.61558300356996,22.033277937210183,22.65310336950162,23.689281223536092,23.302007234294887,23.596757882040478,25.4579404737909,23.78182209890862,25.254811151229937,22.794342387701814,23.826031992313617,23.256801220127358,22.391595323851565,22.728188963621452,24.6028605680249,24.157773179403975,24.898116584920796,25.95557301570445,24.99410404290839,24.907649877977025,26.351640889252195,25.48370952925751,22.42282413956845,22.151034494511904,26.6124490396933,25.544074667590525,25.373420617162754,25.37342061716276,25.167686997972798,21.343994115161042,22.32641547428009,26.711836225046643,24.34744350003774,26.419689627245788,24.68163370593636,21.283058486825038,25.585239666222662,24.778822105533077,28.376538375470712,24.176532798451728,25.29800441598942,26.277532764313136,25.169252508178463,23.30200723429488,25.08183116050518,22.964810986396053,22.489476619154352,24.248526191170654,24.382140555227334,25.594867783558758,26.048008620952302,27.009465413908806,27.170175815870884,23.532860243114175,24.09536332296806,24.09774360563229,26.105750792476766,23.43050423440143,21.646467981170726,25.444085683304674,26.807096987137644,21.4067833656726,25.219238193536754,23.761092697612575
6J6Y_1_ms_1K0.14.pdb_ringEdges,25.17711821864269,22.822900517461054,21.83718944582308,25.94011903521447,22.7589559253707,22.290286177062878,25.579195879569493,26.48409864988341,26.752677168104995,26.063551718435257,22.295051618762642,25.306184866919434,22.525286428329903,0.0,22.670974115191207,21.26174605686309,20.6412897584615,23.687238901633116,24.114171493810773,23.632346065268838,23.355605093356225,22.52703557219241,22.613835060855994,23.836538100748342,22.393354910322163,23.423904494034176,25.93096532320991,26.113334417763724,23.72510901987569,23.099157394138878,23.89096178187143,23.310503021646557,21.625513702401786,24.427040329353634,22.16930996308637,23.256801220127365,25.38277539559142,24.63735986762546,24.095363322968062,23.088488565503813,25.602953383255134,23.851326703899684,24.320675604213495,26.555808640833686,22.10128577521463,23.458287913239698,23.209250885870716,23.97080518561864,22.386449410457693,23.153224839077524,23.496527042148013,24.568109816388468,22.813829642185077,21.963038549894197,23.924673977666966,19.73191902550096,27.168395163509327,24.209476514728816,24.26721565427256,25.029996966233828,23.899248206542065,23.22669373254908,22.324248471682882,24.558079156772887,22.32641547428009,21.736371027299107,23.153224839077538,20.6532227744865,23.34050240181381,25.185337934655394,23.15322483907753,23.04957251268351,22.717741098060404,27.112916192082714,23.61520284660463,24.196535272678886,23.507010680267136,24.051648498828943,26.540553828174595,25.115672546863948,25.971171433647516,21.816418352371343,23.871977749984588,22.433809539929108,23.43273920891273,25.678658769676332,25.254455669684674,24.383920133917258,27.907256450491776,26.410362207288976,25.02999696623382,24.610907299503143,25.561816910981157,26.222166100695556,23.226693732549087,24.35719232496042,20.967972251725396,23.615202846604628,22.66223857778855,24.71638627759811,25.244697722339
6J6Y_1_ms_1K0.15.pdb_ringEdges,23.142580935778877,25.88832722066623,23.302007234294884,24.55968352529898,23.843023624555176,22.257101195258088,23.68928122353609,23.77145965784049,26.888909727509652,24.39224356500775,22.480271206464757,25.29644687379833,23.96862038358212,22.670974115191207,0.0,20.90343550615781,20.27201552550544,22.364248277049363,24.867308708302424,23.42166867648464,25.063749144870695,24.90764987797704,25.141792411953926,24.09737105517057,24.943667205642278,22.06282121127073,23.76312867215249,25.651743996750234,21.696845789353393,24.488604912766366,23.551736438674894,21.942386587995767,22.613438063403386,23.459967493859974,23.962168853415584,26.401031491977694,25.526320092335247,25.22080050384725,22.945060698847904,22.90818712614516,23.12546285848029,22.7103632402421,23.404925201563277,23.209250885870723,22.72818896362145,22.815950145619187,23.69763817056125,24.550015109878455,23.653188299005873,24.855452444272164,24.194741911407114,23.93497008599457,23.58760399752672,21.79603935743423,22.6731079791988,19.142619994383633,23.579208052203033,22.48027120646476,23.293508348294566,24.42902080224681,25.39872559490703,25.94607874985668,24.447205063390584,23.61725139788755,24.568109816388468,23.228776546567683,22.803027317942725,24.95354286961342,24.258684847363217,25.9073546014233,24.875269895401665,24.935727855644636,24.33080413642726,27.360528206535907,20.8025032063661,25.135284833096605,26.029084059136714,26.540553828174595,23.24789964502677,23.871977749984595,22.88145749852611,26.05560905241457,25.83009901186196,25.21923819353675,24.453895752136464,27.241526171080693,27.91608372736611,24.072127693056583,28.95031430320511,23.099157394138878,23.67234778967456,23.727148082096267,27.11324730737948,25.47728928529646,23.844676105026362,26.574358105666033,25.502843223233494,27.72033473113165,26.91312336902404,24.883589320199725,20.48757302315361
6J6Y_1_ms_1K0.16.pdb_ringEdges,23.817510689854746,22.326415474280093,25.62991939276827,24.708010553991564,23.853354976625337,24.205087983506182,24.328815668265637,23.61725139788754,25.47728928529646,27.04268354226482,21.606778284381576,24.203295255953922,21.179602477318973,21.26174605686309,20.90343550615781,0.0,20.06642336425243,22.870687116417304,25.86315416073885,22.46930852154574,23.37669406559465,22.870687116417315,24.996039586551856,25.655321304203994,24.63895907377988,23.088488565503805,23.498585939309862,25.355546546039538,22.56685274673381,22.75895592537071,27.114700487809912,23.8071637828101,20.155505179167083,21.284909714305435,23.458287913239698,23.423904494034183,23.542946378682622,22.586933746302293,24.09536332296806,22.918939885742603,25.602953383255137,23.209250885870716,21.03966092100398,24.024551033662963,23.888936702124344,21.65784717232186,21.54658584546537,25.6283820224235,22.560000353725588,23.980707124988253,23.771459657840502,26.038548059317844,21.786540950401925,22.77656843831914,25.888327220666234,22.710363240242103,25.169252508178452,24.22982231211791,24.98618071920291,23.014578487181605,23.570597517493486,26.549835509585247,25.612224325753456,23.93497008599458,25.594867783558758,21.02982088805182,19.074653182036162,21.756805911973174,22.337448287796306,23.682753597398914,25.021726220274914,26.444332911649386,20.28460836837511,26.986946137816055,22.33528235561924,25.839635892217842,23.003870432230354,27.25638866746691,26.68710355694957,24.34707477039717,25.688251872972504,26.21427149331421,23.376694065594645,22.43380953992911,23.872353817920402,26.42718316383834,26.687103556949562,24.22344034905319,26.83285290483417,24.96183620715664,20.967972251725392,21.39753172891151,23.570978393861576,25.314008029029385,22.739026840343993,23.286484258624803,23.682753597398907,25.29609197735259,23.003870432230357,23.496527042148013,22.566852746733797
6J6Y_1_ms_1K0.17.pdb_ringEdges,24.014293333123,23.86000315640047,22.051650997616882,24.917539816837653,25.00395978615247,24.076913332297636,23.89743253564094,25.227088318658677,26.6367641988013,25.963546284374296,23.522006462670745,23.160289343912883,21.24083490194465,20.6412897584615,20.27201552550544,20.06642336425243,0.0,19.587058682467447,24.574402269084636,20.78624137317614,21.402495950652696,22.73499066414483,23.328083960044417,20.831708997358394,21.444401230616116,19.469139209172397,21.17025156020102,24.521495481482727,21.077508074566495,22.794342387701814,24.08714436563147,22.859911659874278,20.451463129557514,22.888387978173572,21.33244750862471,22.9540797149678,23.74200482304423,22.622589288909047,21.853331091632185,23.12337073858856,23.670514714152635,23.075545454116284,21.444819869886285,22.283997814653688,21.625513702401783,24.00604661984587,21.94238658799576,24.75092884727746,20.696645191782,21.364804301535077,24.45191729397963,22.547152033857945,20.786241373176136,20.23791163464428,23.319209595515897,20.16337263480429,25.201254768270182,22.50515042187502,21.32316361924671,22.36248640033095,21.79381961855434,25.58334869936529,22.89915003486377,20.250082355671314,22.362486400330955,24.398744908646552,21.3417273594077,20.33598091316835,23.038880722327963,22.87973545005139,24.443450948348893,23.27403699414836,20.51530661448382,26.285066828041586,21.504879687504978,26.46697466900353,23.870327159535137,25.296091977352592,24.202924330226352,24.380156274112018,23.243951831779892,23.824001393427054,23.742004823044226,22.814223152561247,24.068688074673055,25.880330778353784,24.995680424830365,21.994467678914216,25.845618777175005,22.805148825815188,22.42066645506497,23.91437343644726,23.76980208735065,25.055847844803495,20.891645408638798,22.469308521545738,21.736371027299107,23.649308141277544,23.207553160356483,23.329772914441335,21.805121913116746
6J6Y_1_ms_1K0.18.pdb_ringEdges,25.70401251461763,23.513587094589834,23.385546615884135,26.105406898316716,25.278518375724072,26.879745130011237,25.594867783558758,26.791985253345075,26.670446531779096,26.246842821656415,25.500789680208204,26.211112984577234,23.46878863299612,23.687238901633116,22.364248277049363,22.870687116417304,19.587058682467447,0.0,23.826031992313624,21.504879687504978,21.901434152929614,23.868133160107593,22.689050607206067,24.338940813031446,21.03487188959017,21.252431282360856,23.349197789356335,23.252854918168342,21.05828510518061,26.484098649883418,23.134023480450043,23.494298135670693,21.364804301535074,21.36480430153508,24.61090729950314,24.23836327733555,23.11441777823815,21.724849304580513,20.984782516310645,24.23836327733555,26.071338922597672,25.24453966786467,24.230192826080156,20.716011131658092,23.321070284229968,24.945606662708613,21.62551370240178,24.62932177855938,22.555932142409155,22.545006248239673,24.114006029339908,25.0558478448035,21.685487062253898,22.85124834931767,24.74256481684366,22.613438063403375,25.339569167332613,21.13903623318315,22.5274340923027,22.862027889100165,22.973431472376067,22.295051618762653,22.18916632603371,20.987087824698197,25.355546546039548,25.559768106066795,24.460013682062453,22.82462685395848,24.58442626872941,24.75252071598992,25.347382025785155,24.54158260601746,23.432568932642475,24.569713529926272,25.228650142842046,25.141435332406246,24.478541674163605,25.870808899553293,25.880330778353787,24.99568042483037,23.303698078623697,25.526320092335244,26.726508084932526,25.29644687379833,24.051855865474607,25.151233342589094,23.587603997526724,22.653103369501626,25.880330778353787,21.43516583011636,24.167969982340885,25.55976810606679,25.5582265160044,25.48335724074343,21.42550744036897,23.94324128000462,22.402596037667855,23.687238901633123,23.832687793895502,25.9635462843743,23.59804717394935
6J6Y_1_ms_1K0.19.pdb_ringEdges,28.399483680459873,24.86536314412632,25.78967297040034,28.14098811289457,23.237299107801565,25.5521763400052,25.839983323419776,27.98585321282654,27.19413901941887,26.18975452147767,26.048008620952302,26.450518429456746,26.799374690289365,24.114171493810773,24.867308708302424,25.86315416073885,24.574402269084636,23.826031992313624,0.0,23.771459657840488,24.61090729950314,24.29188672372944,23.134411544412213,28.018234176764924,25.963546284374296,26.663021363480635,27.83902784440747,25.244697722339005,25.52821528350731,25.98100207513037,25.561816910981154,23.76109269761257,25.71190861038959,24.221648979822675,24.708373897291942,26.677869633453675,26.6704465317791,26.378181870686067,25.15946151531561,23.72510901987568,27.722079931179795,26.09782096941466,28.95777302303932,24.30202725449676,24.961836207156647,25.280432143785784,25.236853074763616,25.00395978615248,26.630959052386263,26.621705654786155,25.280077022515933,28.506708314932062,25.897842658493555,26.881544902759973,25.27032896866477,22.198492456283372,27.962568496254583,23.934970085994582,26.01386547607795,27.17924248291581,27.774600427867174,24.961836207156647,26.32103735572166,26.599045601913364,27.16110612227592,26.987278798678542,27.844724425000834,23.689281223536085,26.589781098250253,27.256571652619172,24.09737105517057,24.675368598287346,26.097820969414663,25.831971915967436,26.898071202485202,23.71676175260704,26.344277322236817,25.117598722529856,27.225208356866833,24.935727855644632,26.097820969414663,27.177462424597287,26.816286412506944,26.557630366305556,24.349061747427736,28.31643425429487,26.56690608168583,26.71331124189274,28.559165519358118,25.839983323419776,29.040345140601982,27.2415261710807,29.615238377221434,26.328899949837954,24.90959213934719,27.10561223185779,24.26721565427256,23.95188443692478,27.184747080218713,25.450161555322563,26.655257326503964
