,CDK6-P16INK4A0.pdb_ringEdges,CDK6-P16INK4A1.pdb_ringEdges,CDK6-P16INK4A2.pdb_ringEdges,CDK6-P16INK4A3.pdb_ringEdges,CDK6-P16INK4A4.pdb_ringEdges,CDK6-P16INK4A5.pdb_ringEdges,CDK6-P16INK4A6.pdb_ringEdges,CDK6-P16INK4A7.pdb_ringEdges,CDK6-P16INK4A8.pdb_ringEdges,CDK6-P16INK4A9.pdb_ringEdges,CDK6-P16INK4A10.pdb_ringEdges,CDK6-P16INK4A11.pdb_ringEdges,CDK6-P16INK4A12.pdb_ringEdges,CDK6-P16INK4A13.pdb_ringEdges,CDK6-P16INK4A14.pdb_ringEdges,CDK6-P16INK4A15.pdb_ringEdges,CDK6-P16INK4A16.pdb_ringEdges,CDK6-P16INK4A17.pdb_ringEdges,CDK6-P16INK4A18.pdb_ringEdges,CDK6-P16INK4A19.pdb_ringEdges,CDK6-P16INK4A20.pdb_ringEdges,CDK6-P16INK4A21.pdb_ringEdges,CDK6-P16INK4A22.pdb_ringEdges,CDK6-P16INK4A23.pdb_ringEdges,CDK6-P16INK4A24.pdb_ringEdges,CDK6-P16INK4A25.pdb_ringEdges,CDK6-P16INK4A26.pdb_ringEdges,CDK6-P16INK4A27.pdb_ringEdges,CDK6-P16INK4A28.pdb_ringEdges,CDK6-P16INK4A29.pdb_ringEdges,CDK6-P16INK4A30.pdb_ringEdges,CDK6-P16INK4A31.pdb_ringEdges,CDK6-P16INK4A32.pdb_ringEdges,CDK6-P16INK4A33.pdb_ringEdges,CDK6-P16INK4A34.pdb_ringEdges,CDK6-P16INK4A35.pdb_ringEdges,CDK6-P16INK4A36.pdb_ringEdges,CDK6-P16INK4A37.pdb_ringEdges,CDK6-P16INK4A38.pdb_ringEdges,CDK6-P16INK4A39.pdb_ringEdges,CDK6-P16INK4A40.pdb_ringEdges,CDK6-P16INK4A41.pdb_ringEdges,CDK6-P16INK4A42.pdb_ringEdges,CDK6-P16INK4A43.pdb_ringEdges,CDK6-P16INK4A44.pdb_ringEdges,CDK6-P16INK4A45.pdb_ringEdges,CDK6-P16INK4A46.pdb_ringEdges,CDK6-P16INK4A47.pdb_ringEdges,CDK6-P16INK4A48.pdb_ringEdges,CDK6-P16INK4A49.pdb_ringEdges,CDK6-P16INK4A50.pdb_ringEdges,CDK6-P16INK4A51.pdb_ringEdges,CDK6-P16INK4A52.pdb_ringEdges,CDK6-P16INK4A53.pdb_ringEdges,CDK6-P16INK4A54.pdb_ringEdges,CDK6-P16INK4A55.pdb_ringEdges,CDK6-P16INK4A56.pdb_ringEdges,CDK6-P16INK4A57.pdb_ringEdges,CDK6-P16INK4A58.pdb_ringEdges,CDK6-P16INK4A59.pdb_ringEdges,CDK6-P16INK4A60.pdb_ringEdges,CDK6-P16INK4A61.pdb_ringEdges,CDK6-P16INK4A62.pdb_ringEdges,CDK6-P16INK4A63.pdb_ringEdges,CDK6-P16INK4A64.pdb_ringEdges,CDK6-P16INK4A65.pdb_ringEdges,CDK6-P16INK4A66.pdb_ringEdges,CDK6-P16INK4A67.pdb_ringEdges,CDK6-P16INK4A68.pdb_ringEdges,CDK6-P16INK4A69.pdb_ringEdges,CDK6-P16INK4A70.pdb_ringEdges,CDK6-P16INK4A71.pdb_ringEdges,CDK6-P16INK4A72.pdb_ringEdges,CDK6-P16INK4A73.pdb_ringEdges,CDK6-P16INK4A74.pdb_ringEdges,CDK6-P16INK4A75.pdb_ringEdges,CDK6-P16INK4A76.pdb_ringEdges,CDK6-P16INK4A77.pdb_ringEdges,CDK6-P16INK4A78.pdb_ringEdges,CDK6-P16INK4A79.pdb_ringEdges,CDK6-P16INK4A80.pdb_ringEdges,CDK6-P16INK4A81.pdb_ringEdges,CDK6-P16INK4A82.pdb_ringEdges,CDK6-P16INK4A83.pdb_ringEdges,CDK6-P16INK4A84.pdb_ringEdges,CDK6-P16INK4A85.pdb_ringEdges,CDK6-P16INK4A86.pdb_ringEdges,CDK6-P16INK4A87.pdb_ringEdges,CDK6-P16INK4A88.pdb_ringEdges,CDK6-P16INK4A89.pdb_ringEdges,CDK6-P16INK4A90.pdb_ringEdges,CDK6-P16INK4A91.pdb_ringEdges,CDK6-P16INK4A92.pdb_ringEdges,CDK6-P16INK4A93.pdb_ringEdges,CDK6-P16INK4A94.pdb_ringEdges,CDK6-P16INK4A95.pdb_ringEdges,CDK6-P16INK4A96.pdb_ringEdges,CDK6-P16INK4A97.pdb_ringEdges,CDK6-P16INK4A98.pdb_ringEdges,CDK6-P16INK4A99.pdb_ringEdges,CDK6-P16INK4A100.pdb_ringEdges
CDK6-P16INK4A0.pdb_ringEdges,0.0,37.2509975157767,38.306618421956536,38.519853380790764,36.725308149918526,37.18042602770974,37.14007370249649,38.94920789977515,35.92338447639378,38.374392892275864,37.716301554965334,37.250075962392145,37.847849364165235,37.174484375135854,36.80689152430014,38.12589775470207,36.78999160895622,36.866385071752156,39.05979597606148,34.87435871127082,39.131758551887124,38.587072823093656,36.56573172135918,42.39736216332297,38.345743178356884,40.62490719468935,40.92078258979418,40.44364668540583,40.01943557673702,40.98946594441025,40.79914397697261,40.45902048132735,40.9680496793217,39.86832805736353,40.793729398143576,39.922399852091274,41.06863567031297,40.989478081976635,40.352291913676666,44.84104596221063,42.68613905779839,41.26763756804802,43.670703546642315,44.102932518330675,41.35178532123782,42.17196493958613,43.17323659640272,41.822867414920026,40.73012746827707,41.13104890565776,41.25707537691837,40.320581019267955,42.074655279816994,41.62220513378662,40.159767992035725,39.9115065890648,41.81758538893898,41.44447823437294,39.97641095490974,41.64680919851988,41.890083605521966,39.525846446514464,39.59694947796114,41.69937422726249,39.21384160133172,42.213411841540264,41.06343836248082,40.62493168765793,41.476157509960494,39.092542328066216,41.667876599348276,38.598546102075346,41.99292762060372,41.972023375918695,41.01626906921469,40.2996487769099,41.13726567074773,38.374379927575085,38.73832354972001,43.20364827049455,42.24894240485042,42.498205990815904,40.491495329635065,41.93627005670229,41.972829401414046,43.75926909628183,40.905558016202676,41.05721041867302,42.228954250779594,43.94684713531038,43.34804189716553,40.76236191946854,39.25207476216174,41.23579809796492,39.906806860870894,43.03836076702326,42.350903236827584,41.68361048523251,42.58495751982364,42.03898924707195,43.68496445463812
CDK6-P16INK4A1.pdb_ringEdges,37.2509975157767,0.0,31.618544215514685,34.71540297879461,35.16625757230634,32.47295085626549,33.76964694405865,32.526957820777326,33.08516073251751,31.28975481238076,35.586779925593724,30.936027717618714,34.808059340113736,37.36160532202558,35.04339882196114,36.62654068550656,36.59157394239954,35.276350371352066,35.1538622323458,35.91201243060494,35.440792192666684,35.24521067637265,36.72020063028471,36.54960508460796,37.78002578425155,36.48452271868105,35.75594443150757,38.55478753398921,37.68896007377745,38.60585370508612,37.91716554261506,38.49305681399669,37.22744400391573,35.77333285121174,35.815252872323285,35.99024190579738,36.873091484467295,35.954711701421566,37.78001261558598,37.871897193234595,36.988985855614786,36.271502457814826,40.641926248078306,40.89558357841239,39.21096150934797,38.61641957375805,35.954711701421566,36.31283368930697,36.6853638444273,35.71920619977846,36.76798304387163,38.459838844957545,37.568444999780034,36.590635781107665,38.85039554278504,38.85039554278504,35.670981279923325,39.275275475566026,38.66080329536353,38.007671391143134,35.54888722709305,36.507628862665584,35.10392530956197,38.065262104765324,35.930294594558276,39.32539341397852,40.9911287575242,36.732243485019936,36.82566161298171,36.03805340931085,37.76847510084026,37.68309860398975,39.30870297215668,39.61438504492487,38.77791082767624,37.22833938992373,38.90586930871321,36.09174324341042,36.76194766358149,38.52629779631768,38.29610998262096,37.89399984008817,37.40082740458116,38.21191239333912,38.88899881529128,37.40084070675609,38.817444916567496,40.984889825762096,38.610673130651264,38.44850533101463,38.363734429836086,39.54888655652271,40.047558791693355,40.49777341708183,38.1046346797815,41.89086745484523,40.550981363614945,38.72222805151633,37.22149649053661,41.52359516255654,41.111364348644194
CDK6-P16INK4A2.pdb_ringEdges,38.306618421956536,31.618544215514685,0.0,34.20735715576535,32.967766558273205,32.559505417540144,34.358774325262694,32.02520773310079,33.17011782339507,34.38330903648614,35.74979386225931,33.03310566161985,36.801849401938895,34.68375965894709,34.912784013340904,36.02580611822123,35.141320945732076,35.9120262842519,35.94858130041352,35.713035372569394,36.5846255395713,35.2752220904751,34.620529957344196,38.001832896356376,39.406214627185236,37.03045673993454,35.38500399127702,36.714211598961754,36.519591961232685,38.3751189085296,36.75505854107993,38.40842310189441,37.406586803909455,36.43636857898827,35.60332870568954,35.500444955518596,38.08725253900778,36.81368986116488,37.08179744150145,39.3420894208735,39.499770135989735,36.02581992810907,40.1341283536403,38.654226854657814,38.05385029649517,36.74319918797449,34.31408918240308,36.93067325226656,38.01916248969611,36.264479009230904,35.773374573252276,36.341990844028714,36.477540285409006,38.31326751481395,39.89659519881012,40.43358290908288,36.889103677769924,38.93787627690076,38.65422685465782,37.54420280388319,36.22825647425202,35.66385351810988,33.67866886203209,38.397087368809196,36.90690183400768,39.428479239306,41.64315356461344,37.227457368044305,38.006794365092844,37.96730722490671,38.47515189616333,38.62684087290729,39.5543457619605,40.395618204815996,40.26790878121122,38.17175116581216,40.74251144450938,36.525626524877445,39.09889235112145,39.59225010853415,39.79304671879481,38.148753101301814,39.3728825538215,38.79952300060701,39.934187151895216,38.48646463627192,40.82674228458777,40.342180683356275,39.88013133907532,38.10378599906696,38.615388884568716,39.21384160133173,38.94906739250986,39.30223494461602,39.02686917257059,41.47081932782859,41.209970778226676,40.52389504541425,38.323732304036476,42.574593596422126,41.105179976440084
CDK6-P16INK4A3.pdb_ringEdges,38.519853380790764,34.71540297879461,34.20735715576535,0.0,29.39716031908303,32.71854951838583,34.72080541056344,35.403544247343866,33.286813309454956,34.64588450931564,33.15697625880362,32.22659202942262,33.768659849921534,36.050158534301374,33.6416733985503,34.00485771560746,34.70806464272797,35.52517151183476,32.2662739995021,35.164347616351215,37.654107887400876,36.50157769370192,36.97125412859024,39.28634515226496,37.79649619181803,35.312605391028434,38.73834923551264,37.28533250355295,37.09370948802633,36.32998295749045,39.41743685677971,37.452550411665065,39.5590496341887,40.16596167916246,37.08775394301086,37.22149649053661,37.12311103792801,36.448532513505434,37.91046010106752,39.39599949384975,37.74524450294461,37.111409518070246,38.66652942161274,40.69940774808379,38.59371227111584,40.19798019727242,38.654226854657814,34.67658679342292,37.630806687344666,36.25245917203278,38.526323623469494,34.30138589950656,40.491483042795345,37.45846123919088,38.41992383209118,38.16034512813678,37.492606236270966,39.836269381167746,37.85352760627219,39.39516600393527,39.83626938116773,37.87087251535978,37.56755771985758,40.45526981397355,36.42444644064569,40.77388199247558,40.763204068990404,39.53230305806421,40.29966112223738,37.53350741809885,39.635691739914144,37.33147205736942,38.73834923551263,39.41183245312807,38.83920161498634,40.101388916530475,37.43021367187732,38.42568585377935,38.97723535118796,42.311072613107434,40.21346028458268,38.5870857163327,41.69408848896185,39.44987373000627,41.47164709096827,41.27818500387266,40.176984079834185,39.90128366119254,39.43406866079487,41.05889472234857,41.70982441507428,40.21346028458268,41.15761477213362,40.08502158193115,38.57094000585581,41.90574593404305,43.00349401516633,41.419597832150934,40.59870350600087,43.19852356054493,43.23403855242127
CDK6-P16INK4A4.pdb_ringEdges,36.725308149918526,35.16625757230634,32.967766558273205,29.39716031908303,0.0,30.25878434191872,30.872325754831575,31.774297319519956,32.01159615759911,33.03312072264164,31.467996851891385,31.733968805042373,33.16906788977673,35.48913364630331,33.557924970984274,32.75760517066859,32.399665252247765,32.88230179206253,31.32246027075355,33.408492381190754,33.884277749525175,32.86230885503304,34.314060184830375,35.68934509393293,35.68842503658635,34.615284347348116,34.838461618736865,36.38928550414932,35.43359004507715,35.93029459455829,35.34882322627715,34.58353503507689,36.737159736058,37.47005437845511,33.25378069255072,35.07888764212682,36.966167132092764,34.67119182099974,34.54556440269141,37.37824679319963,36.86037930066726,34.33964101841534,36.72622932453063,38.30173475930489,36.64955729270475,37.38918618773482,35.115360701748926,33.19551609114121,36.03193718789544,36.29379838202429,35.220315824338826,34.79537911792602,36.30580453296791,34.96204053837488,35.26382443004216,37.169465347632595,35.4881803601373,35.815266763397666,35.506680753197074,36.28772526592329,36.91885683563016,36.36517387070727,35.44587352921014,38.827799447692826,37.087740528541794,38.93873233198399,38.48177186888825,37.78587221837663,36.448518863778084,35.65258009824385,37.63079346646077,36.47258903949354,38.47603117688183,37.8535144631768,37.024665706077215,37.89401296914168,39.478566513113854,35.47685111694854,36.22916282231723,39.793896879493055,37.67063334900845,37.14583335077283,38.32374528587105,39.630105647497935,39.34122949665481,39.24729606936285,36.90198123279393,36.36516018969109,38.251134018893445,39.12699059517396,39.37372915109372,37.93358952077108,37.01180395280403,37.151792976827345,35.549838885375,38.66562873885732,38.75527247070534,38.36373442983607,37.129060911624315,39.082092449723845,39.417424235144274
CDK6-P16INK4A5.pdb_ringEdges,37.18042602770974,32.47295085626549,32.559505417540144,32.71854951838583,30.25878434191872,0.0,27.48484883391002,31.501812314603082,27.796953911645943,28.548239701420304,30.829558730904466,28.464798894764783,32.1529305860855,32.065107894385875,31.088079012966006,31.4807372200906,32.82337778707784,31.392333569920773,31.52943819094809,29.80487121694549,33.473996739431115,33.96068842366064,32.18581004354565,34.64581270959682,36.81966271150592,34.53914067845309,33.768645116954694,35.24423667644791,33.36356340656796,36.14532579898031,33.621140589328085,33.26039283206506,36.133266325138486,35.409740909018005,33.15029846859926,32.60551184976361,36.484495446150866,34.94424841819381,35.311647339241325,37.41352882719682,37.186192804902575,35.46441002060313,38.38086173164546,40.75777250906268,37.97983230204615,37.05323587161072,37.251010871455264,35.91817677563236,33.832452259194106,36.82566161298171,37.08287075568169,35.1902575843901,36.68442808170242,33.512186838024576,35.251463397166845,34.670201695002326,34.238438147295376,33.47298606368876,34.508517947678875,35.833598286652126,33.72972765029663,36.115100685342725,35.348809151903765,36.0856085479878,36.525626524877424,39.54416889419152,38.23398764117181,36.5307340107366,37.47507297561098,35.506680753197074,37.76848827352859,36.04307815083317,37.65981534131962,37.64824099146265,37.070029197137416,35.8580673632152,38.86074129414356,34.91180073908782,34.7080359743105,40.41732548060278,36.83657602619083,36.073529110520425,38.570952904487655,38.62682799293809,38.77791082767623,38.79395757432609,37.72288324608836,37.819695308580094,35.9963928541106,39.54331336447165,38.69958283292976,37.69392312821822,37.613337848157094,36.89507780408055,37.95669173889103,39.24181950432416,39.62466943534927,39.27526280824513,38.73260803732613,40.08499675906356,42.04505993189481
CDK6-P16INK4A6.pdb_ringEdges,37.14007370249649,33.76964694405865,34.358774325262694,34.72080541056344,30.872325754831575,27.48484883391002,0.0,30.760833144136267,26.856723219513427,30.8651859137854,28.960085758923064,29.747059723425675,31.52265236207604,33.338278240183634,32.5325248655765,33.72419595831496,31.665964904504854,32.11874733466826,31.57699269502546,31.170498873133223,33.941374683752684,34.6332741968189,34.757611285710645,37.39489416287658,34.776500328876985,34.07999077382916,33.16908288906242,36.91287307979399,33.66574059117429,35.827433275695064,34.961087110390345,34.98615220013694,36.684441643651496,35.972004039625986,33.71128514709367,33.602608877631596,37.72287005747494,34.8636576805371,34.48949656249465,38.28561165374662,36.760120615439995,35.627969894536136,38.04712971568283,38.69960854443548,36.98414343568939,35.47591152468766,35.59825586872938,36.31799849833933,33.87677406270444,36.27665943689553,37.699796111725554,36.59067657122922,38.143118808479954,34.4449665610672,35.658761387372884,36.44759067032615,34.282235075780086,33.94037792558217,34.551972533708565,35.109253787178965,35.46968434399564,35.555128521482075,36.115100685342725,36.98901275617695,36.44853251350544,40.12326777463956,38.27321264239721,38.02987827736305,38.34575615273975,37.01181739479535,38.5207445565897,35.60332870568952,38.301747748595226,39.72784278736162,37.60747782103588,37.49939966351972,39.80954659375069,34.08000537219963,36.00755863158411,39.44987373000627,38.8824481754867,37.93358952077108,39.960839039194674,40.262422760772495,39.83711861945469,41.162969399100106,39.142894235789896,37.97311172303835,39.093394996320214,40.01477339123946,39.76087729394418,39.80414738759943,37.07600100801423,37.16855515805418,37.04145855310367,39.60810510551796,39.334905947143845,40.990291290737495,39.24729606936286,40.97344122199338,41.56505420835262
CDK6-P16INK4A7.pdb_ringEdges,38.94920789977515,32.526957820777326,32.02520773310079,35.403544247343866,31.774297319519956,31.501812314603082,30.760833144136267,0.0,31.316709891174085,31.781232923993894,33.26809536409067,32.300270319094345,32.89470613248108,35.02465371933328,34.63425101375204,35.99640667528277,32.95452920350823,33.94136002575636,34.19458512310531,32.78335337799458,35.07375313826542,34.714399782205774,33.705720907444615,35.59294468631092,36.58461194062028,34.3906877364364,33.94788220887517,37.534395502940356,34.59633604388901,37.1703755149232,36.84350391988432,36.10990685579696,37.83705572675624,36.2886301286907,34.55195813474651,34.857278303767075,37.68307219891,35.384989931294506,35.47063812724873,37.848546046195096,37.38418267700747,36.590662974527085,38.76185743794802,37.26270860708225,36.709292274620154,35.725389887124656,34.77014788693893,36.50159132358798,33.75675351629953,36.94260709405168,33.66674548042596,37.63170569655123,36.83749441838953,34.6152987199683,37.57432435515339,38.48177186888826,35.9120262842519,36.31798479955216,35.77336066591083,37.169465347632595,34.70187171461381,34.36418939008765,34.73332664890458,37.803235008586675,37.11139611215184,40.51398628346908,40.95908649090163,37.082870755681675,38.23976466964793,36.901994714789495,38.81658618663012,37.809091012401815,40.10224494652699,39.798584939468455,40.337703804985146,38.030754771075955,42.611562675309735,35.25774323055072,37.91715242157827,41.513122063783584,40.44449547132905,40.916198789514794,39.70659807070187,41.41960984367184,42.38270322122359,41.543910714001676,40.69494571768318,39.993668653154515,39.636520171973835,38.96039576045077,40.50853358901486,40.44449547132904,38.44187962954909,40.816066000793136,39.65778988430229,42.19865362969786,40.65722506823065,42.63636595082356,39.11017732188464,42.24450271870007,41.18428430398965
CDK6-P16INK4A8.pdb_ringEdges,35.92338447639378,33.08516073251751,33.17011782339507,33.286813309454956,32.01159615759911,27.796953911645943,26.856723219513427,31.316709891174085,0.0,30.865185913785403,28.6606496057032,29.45562477432401,31.65919262413274,32.947840581819264,32.399665252247786,33.72419595831496,31.52945397024331,29.704045991391574,31.576992695025467,30.892495345256847,34.60893106486733,34.79536481969008,34.757611285710645,38.4531762819297,36.115100685342725,34.11850871324717,33.851872233767885,38.211027034936954,33.44779849079157,37.27940757114746,35.24426490870858,35.14661544323195,37.18712932003062,37.76261279854904,35.127953745249116,35.14661544323195,37.757671949483075,36.472602680212724,36.353201012848956,39.210073332579675,37.37736830879815,36.145353327422086,38.194735382579616,39.505374657958605,38.05385029649516,37.670646555910146,36.825688632849584,37.29126983584972,34.79440682449782,37.9394122908504,37.158675490107406,36.97817024444112,37.950897838735976,34.105747170378095,35.93644195933316,36.95350042999791,36.66654907262922,35.34786615612106,36.0553471721116,37.325554449001544,36.81875738699492,36.54872029529742,35.754998258949996,36.755045005187206,36.329996651753504,40.58338262483351,38.643838689456324,38.515009673493,38.154556074651644,37.163535329795515,39.33017526743519,35.36019348903639,39.11571047507836,39.7608898065544,38.993225588441014,39.110202763460734,39.37375442237429,34.74489833341016,36.8722009646848,40.805252807897475,39.357071848368214,39.197954053624485,40.101401322892805,40.47612157693045,41.596629695085355,40.984914103601696,39.8315732661381,39.12611322784839,39.346843956704326,40.93227023106175,41.10600299940475,39.58682126554814,38.06439947592359,38.60411392507673,38.03075477107595,41.37735578960202,40.053086663124816,41.44078074141123,40.042042581883365,41.35162891507849,42.009380615542305
CDK6-P16INK4A9.pdb_ringEdges,38.374392892275864,31.28975481238076,34.38330903648614,34.64588450931564,33.03312072264164,28.548239701420304,30.8651859137854,31.781232923993894,30.865185913785403,0.0,32.84340957085311,28.33606074083794,32.51915623733279,34.458613145344366,32.199347973992396,33.40290749105117,31.129228318758436,31.996719359197506,33.09730866393853,33.45440202612167,35.32495911276346,36.85531749776008,34.320511541027656,37.140783660893284,38.13822725441573,36.85531749776008,35.965904251898344,37.12313784129898,35.947640198223006,38.31887678948803,35.18301829177544,36.32996926322221,37.59091136053272,36.151422836927615,35.3116614284265,35.4891336463033,37.088639287241435,37.15273035907768,36.95442937925402,37.26860949554394,38.39148952126888,35.32400139603196,39.28638314349538,40.87954639465613,38.21193843298159,38.44189257148532,36.755058541079926,36.649570867557564,34.2320003906618,36.72624287104372,36.819689735776024,37.763561367595926,37.1694653476326,34.79439252586233,36.62652710211812,35.18301829177545,35.53140296997754,36.52470029094404,37.12910111023071,38.55393585808406,35.94166085581785,37.688075631108106,37.87669179184651,38.933071797663175,38.97726087953907,41.92223314472648,39.03255434259291,37.97312482473925,37.83617474590937,38.62112174414571,39.71217340335223,39.15968075731632,39.71758511244339,40.49234311257222,39.42304046370588,37.78587221837663,41.63268664180746,36.93664065512152,35.342559576421976,40.230641029095565,39.15880412242582,37.99040203480576,40.262422760772495,41.81840628811217,39.67437109007577,39.47210111166063,39.77739051295228,39.97725721616441,38.03075477107595,40.63565818856534,39.597816412987,40.428267043238556,38.793983223283,40.224296511570614,38.64952871189694,42.38711669471692,40.74707815426107,40.51398628346909,40.03201455154028,42.53429403615674,43.30416546094227
CDK6-P16INK4A10.pdb_ringEdges,37.716301554965334,35.586779925593724,35.74979386225931,33.15697625880362,31.467996851891385,30.829558730904466,28.960085758923064,33.26809536409067,28.6606496057032,32.84340957085311,0.0,29.500181296348202,29.058458834748027,32.8166624343996,30.29370326835995,32.286620613603496,29.798610939611727,32.15961436366892,31.984168969610828,28.82608685864401,34.9808334158531,33.36457739692836,33.32520298856193,36.96616713209277,35.26914285619866,34.244700356223944,35.66481605837348,36.56062912464793,32.796659822646404,33.93486591071359,35.15904163874816,34.652231016600695,35.97203170070632,38.51012659997724,34.63330292712194,35.02367358577322,37.75767194948308,35.63513275641284,35.63416941435215,39.897592790139214,35.44588756504251,35.01739439832387,37.85442132605323,37.302954946775984,36.63258479355123,37.36072644632356,37.21073509042996,36.94263402838554,34.29494545238544,37.135036626798104,39.039092539000734,35.51388208708709,37.26270860708228,34.105747170378095,33.923017912305625,34.751269707287804,36.311915728595224,34.48309124903907,33.922035281096285,38.1603451281368,35.5066947649923,36.58463913851724,35.39123201419513,38.17175116581216,36.80184940193888,41.00632156095211,37.85443446883374,38.17755064346499,39.08211790958256,37.88820948409217,40.23064102909556,36.59561184035802,38.30174774859523,38.84953754118812,38.8824481754867,39.58209555540511,39.26405062702774,35.64018638520487,37.83121720252839,40.165998838402786,37.14586013774803,39.08775685964103,40.87954639465614,39.50537465795861,42.44904466574996,42.15786489066201,38.95560682985944,39.269663452360994,39.489591802100506,41.17440155343596,41.86547990839478,39.51096579318778,38.9604085301454,39.19233095862192,38.85039554278503,41.72041508453481,40.726377336380914,41.23208189158578,38.83902228096505,41.66338693559708,41.04289710760051
CDK6-P16INK4A11.pdb_ringEdges,37.250075962392145,30.936027717618714,33.03310566161985,32.22659202942262,31.733968805042373,28.464798894764783,29.747059723425675,32.300270319094345,29.45562477432401,28.33606074083794,29.500181296348202,0.0,29.638787280231043,31.01150484636017,30.24301243254422,33.37100358989846,30.222442321898754,30.83672295473475,30.653706973933517,30.37935931906424,33.84631640708276,33.4869841797188,32.79661431379405,35.336280736919825,36.025778498429624,33.22836706956051,33.460796099643105,34.200855361564976,32.92117829148135,34.720590475754825,33.56990182377231,36.50155043391453,34.79436392857373,37.0294893912557,34.338626844012566,32.512301537168675,35.68315516023013,33.81403635661334,35.26286505293204,36.98407617539296,36.80180884587554,34.476655884743614,38.30170878071098,39.28074737613666,36.74410637413618,37.58502136284848,35.385945997378045,34.85729257660651,33.90897971736452,34.77647171687532,37.49938639630664,35.749766029224325,36.75501793338682,34.112194169311046,34.546514897197525,36.59558465061602,34.401376809194154,34.72597777368278,35.44587352921012,35.74880577624747,36.86037930066725,36.54264870161107,35.90584702727777,37.82536462422046,35.7252088484264,38.098850219655,38.86072849169812,37.45255041166506,35.98317738508331,37.15756419781081,37.91626018042466,38.13731409483583,36.613525489308216,40.75234022520489,36.9188433597923,38.66079042670902,38.82779944769282,36.98898585561477,37.33125882651352,40.842812383369136,37.83030978340599,37.20383546268224,38.041310355090864,39.49975754066283,39.2863578160125,40.06308458255135,38.69386159810287,38.89929593039701,38.866386761577196,39.90127119260834,40.186951175426664,40.68867359848423,38.95471283094381,38.45230941702321,37.07091496467833,39.96080168917782,39.79855993794669,39.45069345309857,40.826705726736265,42.57975834707768,42.31104909621007
CDK6-P16INK4A12.pdb_ringEdges,37.847849364165235,34.808059340113736,36.801849401938895,33.768659849921534,33.16906788977673,32.1529305860855,31.52265236207604,32.89470613248108,31.65919262413274,32.51915623733279,29.058458834748027,29.638787280231043,0.0,33.11169098070937,30.329943498740896,34.552951649051536,30.393718256454502,32.00469492921997,30.865169794894395,29.73243868988483,35.25775734127628,33.473996739431094,34.238438147295376,38.59366070698886,36.37124773349887,35.80404101821238,36.61371572381696,37.75109632357511,34.86900860641197,37.04147198433363,37.446837939161114,35.49439027921927,34.65762894055358,37.28530581677923,31.94309305671337,35.49439027921926,36.270542300963385,34.55836508017889,36.21622461512434,39.258538381107655,38.17100824771038,34.76398032962008,38.0759910511515,36.93665412446629,35.09781640526819,38.26759667426068,37.26180069514597,37.50438780299737,34.9496012404387,35.74280709046887,37.670646555910125,37.07692688806195,37.670633349008476,33.29240273098341,34.11868369551249,36.00161687911325,36.73040141435575,36.34121052042098,34.65764329561333,37.19215934061796,35.378929558657084,36.0553471721116,36.01370662229342,37.631705696551215,36.3119157285952,39.20358903257242,37.9625502815683,37.831401313897146,37.8081962210913,37.42431167673783,38.16613330353612,37.48778905668102,39.110215484242566,38.16034512813677,39.1765997777916,39.5655008273799,39.98917764043437,36.79092468671434,37.82553561125886,40.832164670046566,38.688345269622204,39.07095217015569,39.619119461008715,40.59872801477797,41.058882605302685,39.97725721616442,39.85914253695257,39.58122827605027,38.55480043802491,39.75079084916846,41.715120085900544,40.03669958216889,38.97726087953908,40.41201978723148,37.8998418195941,42.01380962261079,39.71216087539232,40.79538799413541,39.96167318047495,42.26447174802156,41.68445789320948
CDK6-P16INK4A13.pdb_ringEdges,37.174484375135854,37.36160532202558,34.68375965894709,36.050158534301374,35.48913364630331,32.065107894385875,33.338278240183634,35.02465371933328,32.947840581819264,34.458613145344366,32.8166624343996,31.01150484636017,33.11169098070937,0.0,27.29654726402797,32.19248699472398,30.457326806844115,32.106043199844,32.63901764203107,30.14386730859873,34.931589147904695,35.32398731176866,34.16891025275314,38.18314076665219,38.788263086065584,35.96586275320103,35.45818082001218,35.640172425891365,35.561158866107014,34.47668474556072,34.82577818040322,34.43954975118982,35.88756627211335,38.62109598038842,35.20166493122664,33.51220168373817,37.064982602496755,37.24508047917876,35.79075452477554,39.82147974091654,38.514983838754354,38.671199768591286,40.16597406557972,41.51829902860743,37.63170569655122,37.739391774938476,38.53204391101263,38.4199367814233,36.35909899326432,36.58461194062026,39.182072761285276,35.79171365231284,39.247296069362875,37.435928681133454,35.97200403962601,36.51863832721089,37.087740528541815,37.005835226299446,36.601633870498915,37.39493407571898,38.793970398806685,34.60793915760257,35.70682167916749,39.711998011553874,36.755045005187206,40.29500666570315,40.02565097932092,40.256923634295745,40.23511745499102,37.92194129841985,40.476109285423895,38.47028962822619,39.477545730648316,41.554411970678444,39.76087729394419,40.72094086432225,41.299440445295815,37.642359964295515,39.494152221582105,43.09935299811044,40.5022448858829,41.01609925395099,41.12114126220813,40.752352433396155,42.3774909744966,42.42314678432737,40.6463573787272,39.9881450094092,42.42834169637656,43.3783310189553,41.4504679531166,41.491976086973715,40.8947563206748,39.77097369010109,39.214678945212924,43.1036700080076,42.14227265203688,42.52988413781689,41.968360506244444,43.37831954980719,43.28388299775327
CDK6-P16INK4A14.pdb_ringEdges,36.80689152430014,35.04339882196114,34.912784013340904,33.6416733985503,33.557924970984274,31.088079012966006,32.5325248655765,34.63425101375204,32.399665252247786,32.199347973992396,30.29370326835995,30.24301243254422,30.329943498740896,27.29654726402797,0.0,31.219476635476035,28.938569349916037,32.486399756732496,31.226551401616703,29.8342852623358,33.44778361649278,33.383226341907495,31.88912695434681,36.94749535401999,36.168662393064615,32.73080311628201,34.452187649420004,34.0992405920605,34.269316737451064,34.74486969538462,34.89298493981209,34.42043243706028,34.44496656106719,38.26740166056159,34.02314108593202,33.531747784043965,37.429987711719974,35.40976900932192,35.892764553091844,38.89465297249422,37.47596244519992,36.554573119110586,38.548193006671625,39.88013133907532,37.38418267700747,38.2110140148074,38.177524580367745,37.45844795747803,34.725977773682786,35.452118925649714,38.833488138397136,36.52561290396035,37.62489648917192,35.61045461113833,33.518777688207,34.6448649393625,35.12163653980027,36.48264086626843,34.85630773697537,37.26177399151885,37.15177958548102,34.62689547948627,32.84234919273457,37.76830385547395,34.893968744273984,38.60496449398826,38.09796223380148,38.34086449921636,38.092163699682224,35.7609948997355,38.4589462578434,37.739378592094205,38.79949735531223,39.373729151093734,38.27318664444344,39.95613266212635,38.772213982624635,35.54890122225237,36.21695268367488,40.33221494276086,38.26164180783218,38.80517737422137,39.57563449612844,39.192305570359146,39.526702354294386,40.68325654595619,38.74955945825656,37.45253712785606,40.18779300319524,40.97951192986512,40.486850638532914,39.7443446961123,39.340356907278384,38.84294182156186,36.77887399227044,41.21530653212859,40.95283052925911,41.14244155993232,40.101376510164314,42.42753259839734,41.71510815946937
CDK6-P16INK4A15.pdb_ringEdges,38.12589775470207,36.62654068550656,36.02580611822123,34.00485771560746,32.75760517066859,31.4807372200906,33.72419595831496,35.99640667528277,33.72419595831496,33.40290749105117,32.286620613603496,33.37100358989846,34.552951649051536,32.19248699472398,31.219476635476035,0.0,28.81191364972489,31.65897261857499,30.22242586020555,32.566289074434046,34.35777519598603,35.32398731176866,34.54555000105838,36.61351190109121,37.853527606272195,35.44588756504252,36.572547679661284,38.018233384150655,35.923204435509746,37.693751544157045,38.54246220773696,36.067391317059716,38.843851200922515,39.17554572797402,37.145846744262855,37.774152103841914,37.56255147925719,37.93358952077108,37.73939177493849,40.57263004117085,39.104541604900064,38.22243096475846,38.56523838822086,40.89019393692102,38.23488547990823,39.70103448656584,40.34850666443256,37.70548345515636,37.790651401283604,38.45897213022519,38.850408348635504,37.24508047917877,38.69387445575871,36.34804120585443,37.187129320030635,37.023577266815344,36.97125412859024,37.23822729587579,36.87221445756926,38.22820973967396,37.40084070675611,37.927765856764864,37.16353532979553,39.82046774890144,38.058582755970306,41.90128175766622,38.7882759124289,38.548193006671625,39.224941298879,36.613539077520194,38.69959568868475,37.029543133511936,39.586657886048826,37.02954313351193,39.977257216164425,38.92186330054198,40.10138891653048,36.877287432215155,36.55455950897953,41.95273341268753,39.246434068137745,38.45320215819368,41.642317263388286,40.64636961875054,40.65181606341514,40.98408864898752,38.6210959803884,39.738786396650475,38.233961616546196,40.963495458749776,40.894744154994974,39.76087729394418,38.99321282949348,40.20246025985574,37.722870057474935,41.75105087008263,41.178908285215584,40.70479820629176,38.960395760450794,41.45496867518663,42.650984369199506
CDK6-P16INK4A16.pdb_ringEdges,36.78999160895622,36.59157394239954,35.141320945732076,34.70806464272797,32.399665252247765,32.82337778707784,31.665964904504854,32.95452920350823,31.52945397024331,31.129228318758436,29.798610939611727,30.222442321898754,30.393718256454502,30.457326806844115,28.938569349916037,28.81191364972489,0.0,28.152304324974352,29.057071993506508,30.04303712346655,34.23297412456208,34.169900344487985,31.69256861588591,36.966180590678974,34.40237467217313,35.56830720756813,36.18165885930257,36.83149744417275,33.871251697306526,36.496466127571836,37.71704023883785,35.91199857695264,37.30292827260947,37.91131310956595,35.65258009824386,36.42534790704486,37.985451522434076,36.62654068550657,37.1290877107001,38.86726999181859,39.18206006383251,36.02580611822121,38.78914809518577,40.40192350477362,38.15544274340528,37.93358952077108,36.61447665196808,37.55686898504992,35.7252227745127,37.5168950332424,37.72289643469719,38.644714132055164,37.72288324608837,35.78552752300161,35.81619745310776,37.33721550533123,38.346638400476785,37.43502497030513,36.68444164365149,39.55991739976997,36.66747172340995,36.46653205610604,36.03192338035213,39.242542150424796,36.36611784839271,40.47694509936639,39.231447432661675,37.14677088341166,38.4141868486603,37.88819635302764,40.015618841194836,37.26270860708226,39.5875250464523,39.902143984094,39.72869434336928,38.70046987000557,40.953693058433515,35.042419212700054,38.54332704504759,41.71594300141758,40.149633059666655,40.455257516131624,41.090023725367345,41.6948998873594,41.93788346652402,42.15785308948306,39.61438504492487,40.81064147635332,41.23206982543515,41.591318937312884,41.2107917084086,40.620326749961514,37.57343721406927,39.30222228598429,37.917152421578265,42.36720547195078,40.62031450209073,41.02230918349522,39.54415631300621,41.76677724689861,41.90656510625732
CDK6-P16INK4A17.pdb_ringEdges,36.866385071752156,35.276350371352066,35.9120262842519,35.52517151183476,32.88230179206253,31.392333569920773,32.11874733466826,33.94136002575636,29.704045991391574,31.996719359197506,32.15961436366892,30.83672295473475,32.00469492921997,32.106043199844,32.486399756732496,31.65897261857499,28.152304324974352,0.0,28.6606496057032,31.302599513752973,35.3435308667563,33.999341521279476,35.452104892284396,38.41416094611511,36.901050963205094,37.79737809749218,36.46047406650429,39.57092002269839,36.08562233498941,38.33599817689518,37.18118873866064,37.20475816143347,38.437013152682766,38.54904480945538,36.09174324341043,37.550960398712526,38.878481431351794,37.40175854540213,38.34663840047679,40.03198969580431,38.44275967128642,37.88819635302765,38.6389847728769,41.555238068687345,38.67779904937053,38.82781226099574,39.66323410040449,37.860256271915674,36.87221445756926,38.38661665617932,37.91135247872561,38.82869636868521,39.6143850449249,34.72696630940757,36.76196119693263,37.52760841080645,37.70548345515635,37.853514463176815,37.26270860708226,37.55098689669059,38.944417593431126,38.4199367814233,37.088652701385435,39.17078310113578,38.43702609625753,40.89642298460012,39.63097185722631,39.86453429462545,39.154026752625064,39.00526817333316,40.19332634389782,37.68311180652268,40.412709197437174,40.29501901245285,40.01561884119485,40.86429428319653,41.23209395773286,37.56845824260523,37.79153344335215,43.33447376991478,39.64667333418616,39.63095930359735,41.47164709096829,42.27559426722201,42.51525918633921,42.428353422320804,39.248170727724904,40.984901964683694,40.20963722011354,41.347116944256186,42.13784534062292,41.111376450221755,39.72313385401617,40.48687521502028,38.922732489865325,42.53508940681539,41.32067291260219,41.81919148093865,41.87073212824481,41.93706490606289,44.108707864238625
CDK6-P16INK4A18.pdb_ringEdges,39.05979597606148,35.1538622323458,35.94858130041352,32.2662739995021,31.32246027075355,31.52943819094809,31.57699269502546,34.19458512310531,31.576992695025467,33.09730866393853,31.984168969610828,30.653706973933517,30.865169794894395,32.63901764203107,31.226551401616703,30.22242586020555,29.057071993506508,28.6606496057032,0.0,30.886439407990714,32.69170022622856,33.705706146966754,34.962040538374865,36.50156406381077,35.99026955286062,34.4649941374654,35.58582925521193,38.058569683688376,36.2877252659233,36.619558159554565,36.91287307979398,36.466504770121,37.11138270622862,38.21188635367891,33.922020614743246,35.38593193776985,36.24727129891186,34.2832218947197,36.0735429021387,37.51686851118544,37.11733445996548,37.39493407571898,37.66566722576668,41.52361912542836,38.755285307987194,39.70659807070188,39.1923182644926,35.677187270611626,37.10544340589752,38.23975165930318,38.69959568868475,38.20051834713837,38.92186330054198,34.775498894812245,36.726215778012566,36.44245787976453,34.61432136820101,37.12816313140797,37.11139611215184,37.28533250355295,38.91067714676663,36.74318564771287,37.16945196265322,39.93417469358442,37.45846123919086,40.51398628346908,38.458959194036474,39.8315732661381,38.19383660001782,37.585034599833094,37.76848827352858,37.07095522633641,38.22820973967396,38.47603117688183,38.40859149327813,40.93764218007296,39.782943418815606,37.7626259732823,37.296992796226824,41.957998425101316,38.475138965414615,37.89401296914167,40.13877667586337,41.21080378078925,41.00630942837126,41.021484481363345,38.17752458036772,39.30782966072817,38.94439204355098,39.97725721616442,41.66337499435693,41.94234374716062,39.58122827605027,39.340369553639434,37.46433129528658,41.96243285540397,40.76317965910418,40.17695931378456,40.230603929562385,41.90573406186425,42.85792797196057
