,VCB_0.pdb_ringEdges,VCB_1.pdb_ringEdges,VCB_2.pdb_ringEdges,VCB_3.pdb_ringEdges,VCB_4.pdb_ringEdges,VCB_5.pdb_ringEdges,VCB_6.pdb_ringEdges,VCB_7.pdb_ringEdges,VCB_8.pdb_ringEdges,VCB_9.pdb_ringEdges,VCB_10.pdb_ringEdges,VCB_11.pdb_ringEdges,VCB_12.pdb_ringEdges,VCB_13.pdb_ringEdges,VCB_14.pdb_ringEdges,VCB_15.pdb_ringEdges,VCB_16.pdb_ringEdges,VCB_17.pdb_ringEdges,VCB_18.pdb_ringEdges,VCB_19.pdb_ringEdges,VCB_20.pdb_ringEdges,VCB_21.pdb_ringEdges,VCB_22.pdb_ringEdges,VCB_23.pdb_ringEdges,VCB_24.pdb_ringEdges,VCB_25.pdb_ringEdges,VCB_26.pdb_ringEdges,VCB_27.pdb_ringEdges,VCB_28.pdb_ringEdges,VCB_29.pdb_ringEdges,VCB_30.pdb_ringEdges,VCB_31.pdb_ringEdges,VCB_32.pdb_ringEdges,VCB_33.pdb_ringEdges,VCB_34.pdb_ringEdges,VCB_35.pdb_ringEdges,VCB_36.pdb_ringEdges,VCB_37.pdb_ringEdges,VCB_38.pdb_ringEdges,VCB_39.pdb_ringEdges,VCB_40.pdb_ringEdges,VCB_41.pdb_ringEdges,VCB_42.pdb_ringEdges,VCB_43.pdb_ringEdges,VCB_44.pdb_ringEdges,VCB_45.pdb_ringEdges,VCB_46.pdb_ringEdges,VCB_47.pdb_ringEdges,VCB_48.pdb_ringEdges,VCB_49.pdb_ringEdges,VCB_50.pdb_ringEdges,VCB_51.pdb_ringEdges,VCB_52.pdb_ringEdges,VCB_53.pdb_ringEdges,VCB_54.pdb_ringEdges,VCB_55.pdb_ringEdges,VCB_56.pdb_ringEdges,VCB_57.pdb_ringEdges,VCB_58.pdb_ringEdges,VCB_59.pdb_ringEdges,VCB_60.pdb_ringEdges,VCB_61.pdb_ringEdges,VCB_62.pdb_ringEdges,VCB_63.pdb_ringEdges,VCB_64.pdb_ringEdges,VCB_65.pdb_ringEdges,VCB_66.pdb_ringEdges,VCB_67.pdb_ringEdges,VCB_68.pdb_ringEdges,VCB_69.pdb_ringEdges,VCB_70.pdb_ringEdges,VCB_71.pdb_ringEdges,VCB_72.pdb_ringEdges,VCB_73.pdb_ringEdges,VCB_74.pdb_ringEdges,VCB_75.pdb_ringEdges,VCB_76.pdb_ringEdges,VCB_77.pdb_ringEdges,VCB_78.pdb_ringEdges,VCB_79.pdb_ringEdges,VCB_80.pdb_ringEdges,VCB_81.pdb_ringEdges,VCB_82.pdb_ringEdges,VCB_83.pdb_ringEdges,VCB_84.pdb_ringEdges,VCB_85.pdb_ringEdges,VCB_86.pdb_ringEdges,VCB_87.pdb_ringEdges,VCB_88.pdb_ringEdges,VCB_89.pdb_ringEdges,VCB_90.pdb_ringEdges,VCB_91.pdb_ringEdges,VCB_92.pdb_ringEdges,VCB_93.pdb_ringEdges,VCB_94.pdb_ringEdges,VCB_95.pdb_ringEdges,VCB_96.pdb_ringEdges,VCB_97.pdb_ringEdges,VCB_98.pdb_ringEdges,VCB_99.pdb_ringEdges,VCB_100.pdb_ringEdges
VCB_0.pdb_ringEdges,0.0,41.676354429322664,42.754036362340536,41.98468441575094,40.93540264297503,40.74362160541278,43.14381887077009,42.31708298054789,42.69029166190663,43.85220772098439,48.85275551218074,47.81089291658847,46.30526727898011,49.20463693897462,46.491913697068796,45.803092816390105,46.956420717758085,48.61120485518514,49.58137608044487,47.906108242808514,47.73948001465585,46.18022853587106,46.82670038857162,48.84780507865411,46.867550824226406,44.137130338410195,47.37422517919404,43.88615694318467,45.67464745873042,47.592350312617214,47.86329479994834,47.04643791257151,45.494934957133616,47.71094885372626,45.90700080937061,46.649707469304516,47.30812179530668,48.5550156264383,46.94082864986002,49.526419524702455,47.83483748859109,47.442927529285406,46.843260641613476,46.48671185494812,45.799163733553215,45.53140121643559,45.8292844319748,46.227428691186134,46.114700230426045,45.23257738229037,45.879818375891595,44.30218080863377,44.04883406101779,43.63828344624798,42.6856473304252,43.68581628700915,45.81195817668763,45.55019257448855,46.206753319050556,46.86536596713103,48.70332579357522,46.31182554364699,46.872710401598965,45.79867852076491,43.812872035410905,43.67140123013064,46.64657830938797,47.703733474056754,43.55438840639762,46.496384004460005,45.82609925085297,46.901751480504494,47.87682998772171,44.56068785331741,46.700678548671284,45.657663346060865,45.27425023349143,47.759875046821726,47.03819428010504,47.24743194828762,48.22805301937061,48.26687791092337,47.33820282417893,46.69661970570252,45.80444365805065,45.90948753527576,45.98651881643181,45.62423007975451,46.35955904230494,48.19897032863616,45.94136643948245,44.96909614216349,44.63086068507084,45.882999827851506,47.18797527859459,45.502845322703514,45.43714564971082,46.99273572935484,45.82888510797158,45.34975673286302,44.765776299186996
VCB_1.pdb_ringEdges,41.676354429322664,0.0,38.88482518450652,38.726008104421325,38.47892216500347,38.03501425487039,39.30463115844102,41.879430634138956,41.138588238608776,41.17317696133406,44.06362996666056,42.57542327055213,42.732791896481324,46.33781423764449,42.97193693370627,43.56196098024573,43.04818195346833,44.19598854025234,44.38158954111588,44.515567275364496,47.97671003604104,43.14872693563026,41.98957231273665,46.841549066552616,44.421402523768386,44.16945977109744,46.12943804628711,45.112968827456065,46.38439373939056,44.287139922637145,45.814744893682544,46.18354024951121,45.79274138330988,43.71217007466196,46.49259786001885,46.769913797240584,46.638946015139105,45.124181113156,46.0026427203363,45.844199543762215,45.80195122899733,45.59091565667388,47.01063709417272,43.84444676333113,45.645312501689745,46.03088855893467,46.18393650703035,45.4411923345363,45.762387158357235,46.223620516808566,44.59056046730831,43.189252677500285,44.019405504870065,43.44981829927092,44.34215352822532,45.39289627992188,44.30814066259203,45.850339091126145,45.532013684357445,45.77221236554565,44.66493021695445,45.68497796134943,43.224055273058,43.79949363521836,43.66978485099818,41.48876531133252,44.46265966600704,45.92429120711417,45.23133469558725,44.17814994385665,44.70754153554536,44.55812585287565,45.19533976400056,45.78366292521471,44.61337177547196,45.82151600477709,43.596555999174,45.59717531288718,46.17514256447596,45.700045050820975,44.32934770034558,46.48111571000709,47.18936957946353,44.39263319913506,46.08342345368167,46.360245158483494,45.77924675604881,44.979801809324464,46.17440651479425,45.33506340412701,43.31754362907311,45.54101792588192,45.16121690103775,44.85930559510426,46.48292492268748,44.332227614104454,44.62615468441369,46.981663321482856,44.50526883694081,46.140403326933786,46.75777287915609
VCB_2.pdb_ringEdges,42.754036362340536,38.88482518450652,0.0,35.914495407734144,38.7405649487591,37.59443012562619,41.56643106788381,41.67159709391159,39.94510394248635,42.90193509456645,42.564563288377435,42.01814111793311,44.04665777334513,46.150063081648064,44.07156983786557,43.98986811451056,41.55935461995313,44.447996590076656,43.00239644738268,43.385157547539706,45.088139294174695,44.01904915435096,42.01917810924007,45.51988720020032,46.71249850243377,45.28302668160147,47.041297389960754,45.89463161775007,44.623860085036306,46.839028100259675,45.26226647975705,50.22094104444866,46.56299408651319,47.43782997164087,46.78781659935721,46.2210658477775,49.12162665051961,45.84898960167565,45.06054991942954,49.02175054140561,48.08133087888661,44.9779321343809,47.498276542521126,45.033069427343484,47.35674648778677,45.311721107421896,46.15968305642153,42.51534645390846,42.90389523783973,45.861770144471336,43.83290712782688,43.71953592332345,44.1426090601873,43.116642728467355,44.14591570732622,44.3435488746378,46.3325950945091,44.95115722590153,43.017977698036475,41.994521896088415,45.87475608858723,43.66969505040324,43.19814003903698,46.52698984797677,44.462159868035265,41.2216708029994,45.460020981355456,45.09350247143836,44.5576271257375,42.85310573370348,44.88956189232124,43.68362191404713,42.971936933706246,44.336198246416444,44.90642898109836,44.6130201693122,41.4956437853306,45.29692886615924,44.89454115711695,46.643196712535456,42.14728816640685,44.50190076966709,46.53266475164404,43.22600080934512,45.307749412906745,42.50278986101386,47.95632544646019,45.21825069679762,45.91767759227832,48.341054150068736,43.732938783490525,42.96025421556303,45.819680676046936,46.17164150539636,47.0815729325596,44.44799659007665,43.9821017270794,45.46323181014633,43.04204763860281,43.858447290035436,45.71123725441025
VCB_3.pdb_ringEdges,41.98468441575094,38.726008104421325,35.914495407734144,0.0,34.032664048267236,34.671505444101335,38.22909954847986,40.75010191521269,36.459665241777564,40.95639851745635,42.78517039933608,40.02967308970745,42.8839443118117,45.07417271289226,44.35270597419195,43.32334726565642,43.682205487506344,44.03835721638682,43.94867277609147,43.358333663082824,45.42296982104806,40.686805256795004,42.29561904001665,44.91672274967101,44.821670373562156,43.96081638125394,44.809973990878305,42.387043278677766,43.510247209139635,43.966317073835555,45.21063749737885,47.302622827509936,43.154977345803125,46.301465506623124,43.52949066706629,44.92647103394922,45.920856421306425,43.98296362598393,45.71083689916206,47.1924627488863,44.56682823187267,44.5905604673083,43.674324529335166,42.27258777931531,45.02170863445788,44.40722624663015,45.22909006640861,41.91541435777915,43.15872311901295,40.64592849558216,43.74330947908508,42.01395141247447,41.627668023780096,44.09565755548443,41.887441246808066,43.325197828567816,44.626506187088374,43.621725114451756,43.127070693237755,45.79876414692463,45.39645739731886,44.525256596066235,43.092098765723456,43.18313840222596,41.78980497159893,42.56208588267382,43.074187408644626,45.789553660205954,42.10817069424521,42.7804447008414,43.275194784774065,43.59655599917398,41.541065594408614,41.71409065863871,42.65185608958556,43.38100946924601,41.30060901501211,41.66386918713511,44.61781544784211,45.31398087505783,42.95462468856041,45.56014961691278,44.93398692335117,40.495998887864594,43.46330433284403,42.794233317454875,45.43674287936852,41.90290675801915,44.05737000607117,45.52037538469346,43.237702421328876,41.2617659987226,44.46307126011831,43.202820048357076,44.492294503121684,42.932738598568235,42.817635281126215,42.794233317454875,42.95080024667843,42.15848302099846,43.5162254066038
VCB_4.pdb_ringEdges,40.93540264297503,38.47892216500347,38.7405649487591,34.032664048267236,0.0,34.73880127070434,36.9395667328942,38.65432527861662,36.01911862217179,40.300040275257395,42.32090291486485,41.13270939453272,39.97112247370947,40.52201854459017,40.9126706912869,39.56161736617267,39.80042806395526,40.815595720637305,41.18463660078843,41.99000814853136,43.81337924008755,40.660344520893304,41.23544174340109,42.845367196420234,43.04061009845311,40.15454892741635,41.663492689568024,39.600169450133734,42.246088885763086,40.40697107612552,43.61099579519334,42.94177037223233,41.302107116799576,40.51046826705028,40.89448668701368,41.68843875615793,40.62241243644777,41.10065226438308,41.469089730184734,43.95749581025406,40.95746239075609,43.427399160223224,40.53321078412851,40.01611875667838,41.98152929257013,40.4915548364335,39.74567295339861,42.107601557586555,42.15502047958215,38.91642349226347,39.972376082404786,37.88245781389835,39.58576359928612,37.583313406658206,39.00756867510916,40.2729359271425,40.57887233739123,39.4834401734485,40.04764047513007,41.23213417819764,40.540702804440876,42.03616038551132,38.5128335003617,41.86261376661227,40.59438556541477,38.82424505843355,40.740370368686904,42.68100249357101,37.67305747161041,40.55224447044107,39.978883314959084,39.561617366172655,37.23206386329795,38.97639082052542,41.85721137140952,40.63348051252925,40.826611424850505,39.11961434599686,37.8619784449348,39.8301076168128,40.94102246233528,40.9290474859186,43.56844213793746,41.408481128486194,42.052099649926234,40.32136699276925,41.34841597048161,40.576799879403545,44.301767719738784,41.856170367358686,41.322684691976534,39.3767014710017,42.069938656505016,42.918070603345285,42.587958448287175,41.60426700087076,42.079383429464926,41.70003892309177,41.19759495486798,41.35435897866092,41.916890486545
VCB_5.pdb_ringEdges,40.74362160541278,38.03501425487039,37.59443012562619,34.671505444101335,34.73880127070434,0.0,31.906112267087593,36.08269369536765,35.841882245158615,36.74195479053974,40.64957317813156,38.319377965578276,39.38630530719576,41.46803898281923,39.59648319587844,39.98858224843255,40.95132346147302,42.455256467755824,42.33248416625557,42.362806887733626,41.35809926396125,40.201941227151885,41.267394167196535,42.46336367861081,44.09607257520492,41.19405164665819,43.510938198565604,40.416179162884326,42.29561904001665,41.06750911622103,43.86806323143942,43.55718951183536,42.52912881056495,41.57629415056279,42.25100841895146,41.49310255829104,44.83245984036228,41.96185631762397,42.95728232296788,46.88106678242251,41.87513340140691,42.037124374867346,43.554988658442355,39.550249331985576,42.69081220383489,42.54145229536361,41.75540354840557,40.70821835200281,39.41472690718227,40.76661883611369,42.18384909160153,38.119408765335514,41.429731569877134,42.26913458496751,39.09866854961872,42.4045872472289,43.035780826802174,40.557133105677444,40.8285751529442,41.97257118674227,42.41425542410043,41.42643951714341,40.006328475414875,40.85197253659514,36.911777291702485,39.27154779520332,40.894252276830386,41.962520885206565,39.17877020604897,40.16774196483268,40.59124045582892,40.30366218081415,39.84676531266189,41.054509702157375,40.77971002171718,41.66103491351796,40.285495316523125,40.93700990493114,42.10082306597161,43.42445923820726,42.07915561998167,41.62810764862165,41.96533479693379,40.98918503410809,42.3369614008091,41.850392324214056,42.90432178565132,41.843645058817266,43.661322828232294,42.59261343184113,41.89690635986431,42.499078549539384,41.66430842999671,43.39266928038299,43.19722213291042,41.635936380212264,41.03629298618398,42.15155765373529,39.653400319048906,40.83710133341871,41.718028474295615
VCB_6.pdb_ringEdges,43.14381887077009,39.30463115844102,41.56643106788381,38.22909954847986,36.9395667328942,31.906112267087593,0.0,31.88015411787587,33.06387822946641,37.417703451580444,39.12095093096436,36.360755976236234,37.61564593586179,38.271749337933635,37.83566115322902,37.59139335047987,40.476841868763046,40.66522016070929,39.45908777256692,40.84347079710314,41.959571786280456,39.544134357594764,38.986562681477544,41.2437887315468,42.85260749941497,39.521925191039266,43.39115297918173,41.31982701531032,42.45299848785745,40.76426732073181,44.08164340633249,41.9513672164446,39.8999729716357,39.47873865893161,41.52739600235474,42.94415484940708,42.69670103025652,40.31174812678112,42.899477171781555,44.682077138705196,41.29121826590196,43.010917193444705,40.79658877618843,37.31827427375552,42.650834480901054,42.08490225510043,40.73975003746923,44.17843597042604,42.49075255026187,41.22603615004581,41.823625934087964,39.08367650392149,40.69869091587344,41.498930348185816,43.12837401155045,42.49753036525739,42.279544851547726,39.87842089600647,40.52354542984606,42.38440129065042,43.06424242959424,40.327817912744656,41.455396404660554,41.496084808885726,36.55288346711308,37.66648736147966,39.73194496850606,41.83830270200685,39.05808199416842,41.77693643986665,40.03725933522741,41.264089163172315,39.33925955134301,41.01293700990765,41.71758979705023,40.934125303700924,42.47841435687677,40.87634789206916,42.57542327055213,43.77151011833179,43.79375309855871,41.51454059254451,42.67468266203061,39.50339882236109,40.06111888336828,40.36003545431595,42.046255263689666,41.1317242087351,42.33394575235066,41.303911096837176,38.91401615863845,41.78674983620577,40.27841018209863,41.469625601089724,39.44682861247152,41.114908851260964,39.76564243266781,43.75670505731403,39.41583239178462,40.65439652026603,41.05851077656795
VCB_7.pdb_ringEdges,42.31708298054789,41.879430634138956,41.67159709391159,40.75010191521269,38.65432527861662,36.08269369536765,31.88015411787587,0.0,36.086738884409435,38.62068485248477,38.57488543719055,37.207303614556594,39.44666292205562,40.56516852674829,39.65652091921485,40.34342767865354,39.893212575400085,42.182816148445,43.63979116069445,41.78325648960145,44.173948098758544,39.87742657603171,40.292503505986836,43.15094850983556,44.18314034863914,40.42508334975239,45.25732767255498,43.50417804792179,41.75021688592516,43.04018490132072,44.51654609038082,43.71436301456388,43.134627370957766,44.6014058416337,45.47571834073292,42.39450574835215,46.88972833247907,42.94177037223234,45.39686052508231,48.15185673667788,42.96588300496708,43.220768831521326,43.18587278084285,40.982221555939795,42.97808125556086,42.515120980453254,43.29210708602341,44.544756078776004,43.349971667499275,43.00073465451366,42.15729441943458,39.566165867840745,42.86244909572557,42.359957661356326,43.090015726821186,43.560450571940905,43.74116779818058,43.5212716878152,42.14572705943271,41.35711944727339,44.00086154830913,41.85764858539052,42.245996058875704,42.618375449164326,38.947649351125364,39.173564960584514,41.63593638021228,41.752137174109656,41.78568622129778,42.22866479914987,42.916111107515306,42.66239766224987,39.56858858506809,42.5639081207284,40.97616077225867,40.18550666016012,43.020206024165674,43.988461549085166,42.65308198770768,43.57541230710515,43.024814241584814,44.20285975429105,43.505740487178194,41.82940767456831,41.120790240196236,39.6692754675707,43.349881204401655,43.141021225955065,45.890102691696754,43.13857692567198,42.28871613069585,42.220006821823965,43.59220813427316,42.259959056221945,40.17277500810537,41.45428224369435,41.621324348498085,44.344315313843765,42.79647329350468,41.88291595910528,41.87513340140692
VCB_8.pdb_ringEdges,42.69029166190663,41.138588238608776,39.94510394248635,36.459665241777564,36.01911862217179,35.841882245158615,33.06387822946641,36.086738884409435,0.0,33.18617188464641,36.99343402848733,35.46657575299174,35.0386030501175,39.12166375760881,37.817691333260676,37.93661724646224,40.966695650313945,38.07463144815529,40.40697107612554,37.59023421130818,42.38638536709662,38.793795968743396,38.88898225945845,41.125611291984924,40.48687352839904,40.590789601038004,42.33072402024843,40.846052440841866,42.70657855473624,42.084467402049505,44.470665467766224,44.78975334110812,41.181769344719285,43.90651586127347,40.52156691961602,42.552543452164784,42.536791713027434,39.93098621535315,40.86631587775542,44.511876949219875,41.246345319054065,42.21611582950109,40.69617487230805,38.16909973122162,40.36003545431597,40.4097962626259,38.77162900480553,42.142356525325326,43.07980131158635,39.659498446065435,41.181092177614495,39.036266027368455,39.759955111909946,39.12095093096439,38.49528166203818,40.998549312770045,38.78362972493066,36.46475601690693,36.591199818254594,39.38527643676002,39.34697891141506,39.234249854633084,37.46773194122077,38.685131944342665,38.40921730335325,37.21938726888215,40.421472323959264,40.60827265815268,37.008507530426435,39.05602924619072,40.46518178408661,42.7945082299181,39.6692754675707,40.46112203726146,39.54766022401202,38.39224231732899,39.7174881771544,39.797855231730196,39.59077157494894,41.45824473666107,41.73891252982183,40.575564944782215,43.48335018049317,40.49836598010872,41.3379187842321,38.30140756357087,41.64620151007616,39.42353675844754,42.06175561484632,39.18805562545437,38.81625336189042,39.30005238733229,40.83738942106451,40.3322800056917,40.8096703478451,41.00348037728155,38.636104667499765,42.048628348252954,40.94882294056654,39.55024933198558,40.1088605817687
VCB_9.pdb_ringEdges,43.85220772098439,41.17317696133406,42.90193509456645,40.95639851745635,40.300040275257395,36.74195479053974,37.417703451580444,38.62068485248477,33.18617188464641,0.0,38.26996182665341,37.91116781213915,37.05953521466234,39.69130338336289,39.87842089600645,38.25261749342181,41.44536787770766,40.17068159903093,40.83738942106453,39.03212463872084,42.45445592498759,40.061575699097965,41.783256489601456,41.78221364296442,40.76319840525989,39.69296102187514,42.98854283195491,42.76108833251639,43.235757411594555,42.217581444305196,45.96142173150986,45.245127567810634,41.27934488004253,43.63232197233118,43.14023340875774,43.32455416347707,44.70663512724793,42.23491725212828,42.07862751143617,45.76807118362417,43.80401987104324,41.40771296280999,44.41811638488101,40.32781791274467,41.32897931948498,43.03526445751335,40.83191540822135,42.689862975552685,43.42109765002381,43.35597196478127,44.14337898820999,40.88862602927734,42.05481431902194,41.10931280292271,41.39834650903247,42.818337447716225,41.373604670111796,41.00845335034435,40.44569774686723,42.77660468640233,40.836557162320425,41.2054103095693,40.28539797197432,39.161761617485396,39.12381329682133,39.88162221938417,42.75136609317004,42.696180560123445,39.54002412271995,41.05464767673169,43.31703061859395,45.59893359606173,42.34068692242941,45.31172110742189,42.22676618135802,42.795159867221045,39.80961226586077,40.76829688006469,42.202664889166435,44.581364259247316,42.578329713835046,42.83355840331505,43.504959274564165,43.46237197597231,42.24982242037689,40.0712546175322,43.62214464315092,41.75547659538883,42.8132083135593,41.10698089127498,40.0906054441708,41.83007434640431,42.16839361985831,43.76364524214338,41.61402687935251,41.53568431957549,41.951273737417374,43.89358293752844,44.02863001999852,41.571965583071616,41.867349397039376
VCB_10.pdb_ringEdges,48.85275551218074,44.06362996666056,42.564563288377435,42.78517039933608,42.32090291486485,40.64957317813156,39.12095093096436,38.57488543719055,36.99343402848733,38.26996182665341,0.0,33.824679340118976,38.55968974463637,40.39083569131915,39.75830026657514,40.76220428871517,39.46521592458173,40.854862938309616,41.92118343886581,39.9288801296704,40.9298778639857,40.55851900713698,40.252525327076995,41.716388633365966,43.35260506605198,42.64945527035946,44.385555757620764,45.15612230100836,42.68718869205816,42.15729441943458,44.80732899901699,45.75586441692814,42.802775142657055,43.60288211776879,43.24135033836217,42.05681394409883,46.626425226600546,41.957131354034445,42.55202121878497,48.158869260533585,45.676488615046175,43.235334133635014,46.10979602817991,43.21179537185727,45.0487027661734,44.09824642421327,45.206444871855126,45.67608795522284,45.89815380683437,45.087520796673004,46.44827516491022,43.57734215685194,44.382767662229945,43.8976825806069,45.76129216451886,46.844581488309004,45.35865305988939,45.51803970952427,43.498889375549844,43.33908458566374,44.27318638498639,43.264873020416594,43.69198986328631,43.572282369066684,43.4867069564622,39.92282315015898,44.50644368416523,42.421415235565156,44.40622539724028,42.647115618623495,43.64575161441183,43.7892258015177,42.99713726094065,44.98593341026765,44.00277273893775,43.29454271838318,39.977411922888294,42.36669469255442,42.92472003885347,45.83599635757371,43.50495927456418,44.55255152619836,46.41580566197846,42.99612385630445,44.567590831291895,42.37481884717808,46.37059206306162,44.98406399017213,46.53133505082578,44.888532969533195,42.303602343557394,43.049619240773836,45.69461002810857,46.262582931789524,43.363488753359654,44.985933410267634,44.475338935419984,46.107575264071656,44.8581885569405,44.17942225473906,46.613854336688476
VCB_11.pdb_ringEdges,47.81089291658847,42.57542327055213,42.01814111793311,40.02967308970745,41.13270939453272,38.319377965578276,36.360755976236234,37.207303614556594,35.46657575299174,37.91116781213915,33.824679340118976,0.0,36.24541139916271,38.266568741192394,40.12501162285449,40.456674154706946,39.276129889348425,41.379164976080055,42.151557653735296,38.903175713687226,43.71336623733718,37.64812430409461,39.48745698648195,42.11230963855683,43.495042664462886,42.15729441943458,43.54557375284036,44.04448137813962,42.160756774098715,41.57734216209138,43.55525876916364,43.81889844081495,43.87280089021075,42.96104533320865,43.69249847122453,40.7870819824719,44.17983648758473,42.11577569143785,42.9402381489389,46.43992535164839,43.91576408890079,43.77562119368784,43.29168435901436,41.92362596368974,44.97634333396831,42.49461839565804,44.963718125978254,44.10563670941039,42.28644925800318,43.46886798227136,43.19485162576305,41.48958448713408,42.05334303156795,43.385940917318486,45.150148922372615,46.04313597454432,42.653081987707694,43.688648860037915,43.03447470426357,44.05954576462127,44.155469045443276,42.21412375033643,41.52581159137585,41.53822294154646,41.56801393060632,41.25469010109875,42.28299719570334,42.81081654292406,42.911826302329665,41.51521232067234,43.29769273389098,43.453448409179714,40.008822556443015,43.36348875335967,42.756594364562986,43.07706019993026,41.28873832964668,41.64048850847459,41.662823352158995,43.05199774463349,42.04331203825377,42.59974326638202,47.02514045085526,42.42763928341294,45.15873721486204,41.814352645305576,44.22999898776306,42.96025421556301,44.25349831696661,43.19944121320208,40.62920164295374,41.23107739217342,43.71478165422145,44.79743806867024,42.20465750919456,42.83972257222687,42.185749640926,43.841117378378414,44.87008601213497,43.08779101096735,45.41162021492592
VCB_12.pdb_ringEdges,46.30526727898011,42.732791896481324,44.04665777334513,42.8839443118117,39.97112247370947,39.38630530719576,37.61564593586179,39.44666292205562,35.0386030501175,37.05953521466234,38.55968974463637,36.24541139916271,0.0,34.359295977123466,34.552842295177115,36.03444249258803,39.802836522124586,39.02878664990544,40.69023210927603,38.54383238924934,40.63767315315722,41.36979205880918,40.61965567327295,42.08917807079851,42.70236455979723,40.10840430459147,41.61200597657293,40.12007033359973,41.30496601941381,39.16937134313144,41.91340798674316,41.18109217761449,41.53240066515417,39.27612988934845,40.32182086008482,41.45196973856583,43.679083202010986,42.039404691800335,40.89264333431023,46.39594678412814,43.049619240773836,44.540305117460015,43.605230443197556,39.051276274268446,42.201198756321986,43.011190720940554,42.35123392831135,46.25735530042747,44.56988832758924,41.31082035006866,42.98710350254054,40.06003120590235,42.66901545822564,42.09264602841224,42.414029413244194,46.39266901744391,41.879430634138956,40.983189071769175,39.732942929169496,42.61794603941797,39.66473878986193,41.10698089127499,42.33115634359198,40.68840092088795,40.77377943390365,39.88504177927119,41.906161380586724,42.94926834552747,39.74471916525588,43.28701395732968,42.53576734076839,44.74665552673064,42.115775691437854,42.53190523551664,44.356350602590865,41.93234513627226,41.31231808156418,39.807598271866325,40.516437397017135,42.97729045150919,43.45244564670376,41.106980891275,42.0428767550317,42.85218043684274,43.77109202124198,41.138588238608754,41.57143103136633,40.944428038059556,42.287912435190826,39.68163061517092,38.9914241171581,40.35557643027306,42.71042486509433,43.0537992473328,40.81917188072693,43.03016118075595,42.96068020379787,44.53702775173272,43.489061555126014,41.36162851877927,42.31438513723778
VCB_13.pdb_ringEdges,49.20463693897462,46.33781423764449,46.150063081648064,45.07417271289226,40.52201854459017,41.46803898281923,38.271749337933635,40.56516852674829,39.12166375760881,39.69130338336289,40.39083569131915,38.266568741192394,34.359295977123466,0.0,33.62451901317105,37.90805296111678,39.429029483529966,38.655046710172016,39.335150063284274,39.88098853071933,41.961482493733456,42.45591331208651,41.75338948838848,43.81739688927803,43.263503313465655,41.35756194800691,42.8695950371501,41.845998395298835,41.81976057712041,39.941613160632905,43.58615038572033,41.78124377223217,41.71897892583643,41.41751915851784,41.88630737004689,40.80319949862539,42.76231109919889,42.14772237131363,43.652350095330746,47.36695850664198,41.98963457527001,44.18902751255626,42.41468689602721,40.793694245509116,42.066903866002136,40.897725671993285,42.07184435160855,45.779037358139306,46.114700230426045,44.077560873408444,42.36185030963331,41.28226868839706,42.14999670488989,41.44686074716892,44.85997580465137,45.14208988147436,44.510398775213716,42.83500289210789,41.455396404660554,43.146262874089174,40.49392218845685,40.96820596245508,40.91796351924293,41.85230801610008,40.548569547824144,39.41330078624609,41.742848003905166,43.133617196589014,42.107135894598585,44.370101220900416,42.66944435402794,43.69433339967366,42.83696609807962,44.19878841782308,44.246132728611606,43.55967034051451,43.4160196532022,41.34444295141691,41.06001771147005,41.780430314903185,44.753851114093976,41.70819890871765,43.40244865234696,42.10722902760817,44.542105120215325,41.911557466139065,42.11981043846891,40.71042326102134,42.54210780884251,39.4894873079297,38.30099801312946,38.5546156484482,42.016295210082866,42.928973107053814,39.787715558551426,42.52241751459351,44.00755530300772,44.27143450187757,43.39451688705121,42.45935131583178,42.316279823802645
VCB_14.pdb_ringEdges,46.491913697068796,42.97193693370627,44.07156983786557,44.35270597419195,40.9126706912869,39.59648319587844,37.83566115322902,39.65652091921485,37.817691333260676,39.87842089600645,39.75830026657514,40.12501162285449,34.552842295177115,33.62451901317105,0.0,34.63907901788052,37.395885971343155,38.91719604683964,39.27201379529867,40.23932760172295,41.083728736380955,42.20882828491203,40.191740878672974,42.86193063826243,43.039081393927546,39.424000962000996,43.23904271390408,39.81162615797113,41.06001771147006,38.32641597149475,41.856076675724154,41.07534922219768,40.75740439566656,37.75334465553667,40.81907580887975,40.68733001229517,43.34430228190341,41.91732707804968,42.39587269754566,45.888270106132126,41.233021857526666,43.54001990506366,43.00138316668862,40.26176873643901,41.908074523171024,39.87235625127172,41.67553892467756,44.53882788694027,44.265971724602615,43.127858750878595,41.78473728710654,39.84637164577645,42.04478367672574,40.63224730060068,43.13583954897339,43.734353566929705,43.06689329955146,40.64528528238274,40.55062195794875,40.86782989953309,37.441731055079075,40.60024576806179,41.51714347850035,41.62325058313874,39.78404668168353,36.844382159727246,39.63453963434098,42.7319047817262,39.752820154545695,42.20403805190582,41.024791909262134,43.31287601577822,41.555842157622045,41.67509980018193,43.12225110433147,41.89355741048319,41.152524627590026,39.76673816209081,40.96381313950287,40.87982280849607,42.04625526368966,40.2682292039817,43.01840311466655,41.23257802025096,40.378859414075855,41.495034745096135,40.75823827066264,41.661474186261756,42.716739408668204,41.14408499222579,38.73184724855512,40.12416458791384,41.380281159573094,42.70279312064981,40.41256734146625,42.06566088519311,42.223371157398475,44.544257201947005,43.170776042821366,41.33400800630067,42.491839534377135
VCB_15.pdb_ringEdges,45.803092816390105,43.56196098024573,43.98986811451056,43.32334726565642,39.56161736617267,39.98858224843255,37.59139335047987,40.34342767865354,37.93661724646224,38.25261749342181,40.76220428871517,40.456674154706946,36.03444249258803,37.90805296111678,34.63907901788052,0.0,36.83848040221294,39.99097937501096,39.61081914659246,40.094007180184775,42.26611409712825,41.293539773374405,40.105221083668624,41.45472370728168,44.316390688549276,40.25768847663121,42.10803617172922,39.777507575669745,43.332498735049874,40.42300300711582,42.586781833429356,42.34068692242943,40.908271904831864,39.73591472949857,38.424472503158334,43.89358293752844,41.19886412546784,40.33743294673113,40.46518178408663,44.95281476788257,39.64230041976385,42.23837324391109,43.12642407108485,38.97797825273941,42.096548433074865,42.17119379454001,42.09455069551265,45.38791408621953,44.32605473691867,41.26994929239619,41.49107576565984,40.462812750552565,42.12645141115896,41.458244736661065,40.98963150685235,43.17975802697346,41.26055156524707,39.49671396386486,38.45682297220443,41.53470869217448,39.72771158194403,39.43383637157808,40.11040319473799,40.62781815262963,38.48432326616779,37.842639435921036,42.51855419673153,42.36141829953983,37.9698653590089,41.13677700863251,39.39685797497888,40.690917445140485,41.333565253408,42.56310962152083,43.81697923003504,40.242045452762774,40.321366992769235,40.799173386474514,42.32009983061484,42.31863776631425,42.923704924487225,41.30690700656255,40.61522515216704,41.29707454545752,42.71710662319119,40.015323862126266,41.54650909884796,40.864353963284465,41.73743010650546,41.58710835943453,40.6858092736611,40.575274998162044,41.44454782793887,43.014584343347316,42.088370565028725,41.89261091974581,42.707660045705204,43.227795060530354,42.264876974954824,42.812780857975504,43.214659015346186
VCB_16.pdb_ringEdges,46.956420717758085,43.04818195346833,41.55935461995313,43.682205487506344,39.80042806395526,40.95132346147302,40.476841868763046,39.893212575400085,40.966695650313945,41.44536787770766,39.46521592458173,39.276129889348425,39.802836522124586,39.429029483529966,37.395885971343155,36.83848040221294,0.0,38.209946349085634,38.47512848558887,41.35253612547503,40.96919508037438,40.43957810269767,39.18805562545437,41.03561341843757,43.742582315465526,40.90607766020213,41.32109243157261,41.55479360386355,41.18712280515991,40.18481270471835,43.56416148139829,42.860060072932036,41.08478931251852,38.81002273799577,40.300040275257395,40.74881876738053,43.102825832783246,40.07938745134398,43.16179218951524,45.77519188076812,44.80207744949843,43.20282004835709,44.36411040400792,41.81435264530558,42.78074007229073,41.218129564465116,44.149004977721546,45.70493601866863,43.44645867319722,41.61835107220736,41.57152536451967,40.66034452089331,41.64875431970861,40.19099282351006,44.895036141565946,44.350809863090305,41.30391109683716,41.443570055084294,39.928487272379485,40.15847691302372,40.54559283127106,40.72878572862329,42.596971263040736,41.98572223339382,41.731635622926525,39.8582127570092,42.34509125993991,42.452475029915284,42.88673840658309,42.812261799028896,42.269567538233524,41.044234599999385,40.19809336572636,41.91889669089752,44.43746677252257,41.47738969859548,41.026395669278635,40.74037036868688,38.557203633947815,43.58211141890506,43.083614302316455,42.211852871863144,46.70539942567657,41.9363559703239,43.38036663227194,42.05334303156791,44.126437468485214,44.03412224137814,44.070670123582396,44.49772949582068,42.45869452468771,42.803721866964956,43.757123291870556,44.01292145384087,43.5595403005847,42.552543452164755,44.08087240002001,45.38333459347753,43.74784152783119,44.27739849436956,44.870493868951094
VCB_17.pdb_ringEdges,48.61120485518514,44.19598854025234,44.447996590076656,44.03835721638682,40.815595720637305,42.455256467755824,40.66522016070929,42.182816148445,38.07463144815529,40.17068159903093,40.854862938309616,41.379164976080055,39.02878664990544,38.655046710172016,38.91719604683964,39.99097937501096,38.209946349085634,0.0,35.379979075601184,36.38922965464352,41.18590617070845,37.49910674317388,38.56861582117846,41.66512415445445,40.370096139461594,41.340395770240185,41.2185735573203,41.775455365848146,41.979297730053815,40.270707064745686,43.52954071699683,43.610775986389896,41.27039272776726,41.24484519187781,39.96662005917254,40.29612608896521,41.16142831374893,36.17019801439954,42.16839361985832,43.49797781591784,40.07489720037867,40.02602639122486,42.174655008126294,37.44713048685237,40.524932479961656,38.415989318174816,39.59492056065774,41.67443064919596,45.26412441001892,41.85512933741642,42.99049902636575,41.75496526382237,41.558683605313355,40.85251650235477,43.60068357082425,41.316737127761385,40.20903983598208,40.58580839575897,40.423692873533625,39.52459315479782,37.449946260916526,39.923914565688186,39.76719835944545,41.784737287106545,42.05106347047393,36.73655846250227,40.4900267448073,41.68790569795377,40.617724754965735,42.33563371857029,41.714529372681625,43.30207017044056,40.28395940844096,42.301336268597204,41.308499813752,42.459351315831775,42.01194974728777,38.602549951332236,38.09882802879583,41.18381135935327,40.96586601854331,40.171766280563524,44.381589541115865,42.15502047958218,43.869980207411764,39.99308219046995,41.05903078148096,41.615073940640464,40.76343356906867,38.947649351125364,39.31820912284097,40.04455035422298,42.200393394071384,42.11349950976066,40.74881876738053,40.706933883933594,41.87661095005557,42.45972075638561,42.756747228375595,42.037124374867346,43.23913340889334
VCB_18.pdb_ringEdges,49.58137608044487,44.38158954111588,43.00239644738268,43.94867277609147,41.18463660078843,42.33248416625557,39.45908777256692,43.63979116069445,40.40697107612554,40.83738942106453,41.92118343886581,42.151557653735296,40.69023210927603,39.335150063284274,39.27201379529867,39.61081914659246,38.47512848558887,35.379979075601184,0.0,35.91683688903146,40.155851064666436,37.45358783654868,36.52766283935296,38.812492654513285,42.12645141115897,42.00700221741755,41.363408834547826,42.65715784564667,42.92710546312519,40.32028633574026,41.32650164920927,43.39487836611128,42.69473137456161,40.09270303435915,41.928583331873625,42.0834320195569,40.389303789078284,37.787272932069385,40.90212559263452,43.35554986047012,42.895800181400254,43.79567332715248,40.9940215631691,38.86393223489065,41.53419464271267,39.922823150159,41.05851077656797,42.089178070798496,42.785170399336074,43.841117378378435,40.92753572874737,41.63012776975789,41.14568410248449,40.91321385002811,42.324351885495396,43.26451045514964,41.651055899176725,40.87140148924422,41.44709203199305,40.06630669854507,39.48030589264615,41.11641371914855,40.67337349602128,42.36185030963331,42.46213230324836,39.27526454689723,39.817503075886876,40.24720994673714,41.458381367594654,41.20691187236249,41.00748643059122,44.86607522262628,41.77703030898573,41.010599618217675,43.175681043281834,42.23065619239289,43.24573347802409,39.567267121333806,39.541544849223875,42.59283849507502,40.80275098590086,39.59970731169759,44.090172999431886,42.34956716166013,43.08318952960166,39.50709376196056,42.22639470267456,41.536733355728984,41.3006090150121,41.36747483055032,39.31205805470807,41.391241324558095,41.54853318736763,41.57980488520771,40.56571633840494,40.81559572063729,42.92435460044717,43.4351744452002,40.210286027290564,41.978052155204914,43.91025706348426
VCB_19.pdb_ringEdges,47.906108242808514,44.515567275364496,43.385157547539706,43.358333663082824,41.99000814853136,42.362806887733626,40.84347079710314,41.78325648960145,37.59023421130818,39.03212463872084,39.9288801296704,38.903175713687226,38.54383238924934,39.88098853071933,40.23932760172295,40.094007180184775,41.35253612547503,36.38922965464352,35.91683688903146,0.0,36.88729817816062,33.90280867022445,36.98085237343504,35.42019167386743,35.43165503683446,39.645180098101406,38.4159893181748,40.764716256871836,38.870625029655486,37.97656656206745,38.356031927001865,42.912709697649916,40.37316134343146,41.61528334973669,41.33686470261465,41.53919848640859,40.00408475875462,37.091149576500314,37.707878432239696,42.45327561003735,40.61370171364012,39.65386183173005,41.379607241065514,38.889452843716676,39.32000438832683,40.52493247996165,37.788241534332926,39.64408100891476,40.3267374285844,43.082451224203155,42.50943250446727,40.4159419785445,39.84115519232379,40.90167816469707,41.16624460634113,41.68565841685917,41.093993963464854,42.17185506326619,41.31982701531032,40.602317029304515,40.07279867815306,40.74827341731645,40.48840173903222,42.655186363996606,42.38681712272357,38.44351882220921,39.95947838566006,39.240579680758024,41.07141344266901,40.525620611237144,42.33437804279349,46.36197450215607,41.04657007634966,44.16656924394245,42.1172447979233,40.80760961118224,41.31435364366079,39.52349071226872,40.8016830786174,41.450918557222316,40.84302272661301,41.69266117247382,44.9040807787916,43.01797769803648,43.62677916791994,38.97686034946282,43.02741690671766,42.42193907676409,43.8334141006737,41.76818482549323,40.03121875418656,39.36157178433473,43.08965169026868,43.82264712305117,40.7862486971856,42.39026073042054,40.47437662767267,43.80593964959413,42.2913640962808,40.272405772025465,44.38899154977624
